1000
1000
257.689012309
598.543491334
340.731648061
327.577009048
982.584529367
142.30676211
916.54153976
276.490916373
241.464007462
194.341361134
200.263023042
372.784178018
338.713938211
219.810241548
939.407022939
413.354301105
967.876044958
789.784235179
30.1689162563
62.7438278358
648.818673196
119.585288737
87.2126778385
692.845099621
676.515389643
95.3337961517
758.429925039
530.629099355
109.658881765
787.926210387
182.2090562
401.270878953
818.58120805
0.645615535439
56.2927876652
344.150764204
228.520475773
206.542537949
335.560437003
13.2550835981
623.053763754
686.378289567
427.445663907
360.311084117
796.954399783
502.000309275
396.701774405
896.612833687
414.737390697
656.299115506
719.782331247
614.769208876
384.244799004
320.052710912
110.523188614
651.508018322
234.779947873
963.917655635
595.019341761
611.191006275
342.664408349
4.89978596645
678.300214545
88.6943852386
829.335101162
388.632871115
132.773134817
26.0727421499
679.955384339
301.009294209
214.137405088
579.131774126
552.499086166
152.431459469
792.691121466
836.004430329
15.8654347664
313.876209449
33.5689720995
897.159475208
511.720098744
569.029837668
604.236898206
566.020277592
502.07029083
859.512555069
809.701449572
28.0689074346
385.099603236
448.809780488
424.560603707
933.211119465
24.3095576412
261.082677926
471.820193434
409.986989262
243.672108504
281.187845016
379.2337704
87.2624514894
706.803594148
22.356762252
31.4315279795
334.208107716
692.73929909
401.237873228
231.772247107
177.582096694
142.959450434
383.172621102
828.125237722
697.493206413
994.400623979
620.812820233
818.370548049
63.8692617121
687.275004161
221.253845505
486.93020862
84.6652858921
727.931653118
597.053253953
418.754575101
362.334083227
501.542491487
72.1971522674
914.601703546
132.523065046
883.611398321
194.75983593
469.474574515
784.403122901
914.89319255
444.005492154
659.660820613
189.958573915
943.401591553
434.889583878
948.061970933
408.684276919
858.94446286
82.8719689167
623.30704388
982.881752592
487.5606084
289.237931086
60.5135036077
595.225077827
57.3878045717
369.538527287
389.948419621
572.151884995
781.732382468
285.837930283
214.095109296
60.6923957656
21.9802929889
33.3476843178
874.675111212
944.595661433
720.26728686
732.323977071
986.929720501
641.118428146
265.348085443
494.594868956
398.452019759
743.897080137
198.250928413
899.008759225
409.574650261
628.532508291
825.663644102
871.570211325
27.3716653613
450.429918786
586.263197021
979.807618648
542.131767444
987.079208492
207.60383749
248.024491564
381.374640873
474.968727564
364.595383628
362.220271498
767.665615029
236.294903702
784.886842814
183.891887355
124.583455552
84.8748396783
892.134735845
649.803485455
685.096575419
874.12434541
991.302270476
220.088503764
464.271478021
941.692430011
138.530955421
12.582422777
548.907774996
507.517104459
48.6786837625
140.607470701
622.289386525
598.185142983
468.276819022
676.771761964
918.12166131
733.944431306
171.032416082
43.9357477455
376.394694236
350.186809961
946.271792656
560.085562822
810.93822953
677.406462749
155.769931867
316.3204611
491.528065215
374.357478746
973.904496466
844.433487871
384.789239758
758.457437854
593.962929013
928.331848261
827.568871722
8.20950971539
11.4607226949
43.8318924156
426.098463111
32.7057184056
647.97097241
350.751207723
351.021299668
791.528540088
36.7943607377
120.761659915
779.536620754
936.905810198
942.730659966
136.19776529
853.629585738
171.940071478
724.413106418
570.786395954
53.611442522
358.535119987
414.08033663
784.717296817
320.890055703
752.145685797
568.893540405
42.7036249129
86.3771259709
858.862634612
98.0390577112
828.915246076
989.331670384
930.117081003
445.535218191
921.054880407
388.499191744
779.699004361
512.445592877
194.5888598
325.1483651
514.596701318
532.527052941
730.136298035
200.628642751
555.387539363
992.881999707
139.489400204
864.139882882
819.132354472
238.772918823
572.443559539
924.483909578
341.763936366
490.619333159
788.809686397
648.948420737
313.293988183
310.060081012
543.150260769
720.372606178
108.279731139
129.852169284
688.480337209
236.322566693
696.515755066
761.327971859
437.544680625
736.456539663
607.72959582
767.610870948
627.084812807
293.367847232
550.005720434
975.344825547
216.559005183
600.368835369
713.944494194
399.050847128
682.550913571
330.740065446
904.571422619
310.957630326
340.208750532
718.757473665
704.460375364
409.011587286
402.743955587
498.813328117
252.256345139
146.821721818
715.917820105
57.65702449
512.865339905
33.7980469823
543.695610074
900.784804114
608.488333241
494.272685463
238.887998742
144.641469943
393.032099215
494.079089739
482.885710443
575.37586097
579.76398939
336.862179414
976.982123709
400.82353579
566.733100222
625.096597658
690.319415097
921.52522993
622.571174332
165.730668964
955.914602532
424.378309421
902.297492124
708.065430771
743.284297246
825.245480671
204.099243915
687.792168396
995.223650485
460.741109145
188.162654413
214.881421416
912.94984936
911.461599521
691.535199618
315.610274462
951.373113423
65.7449015707
674.298413679
397.886860025
440.92040671
198.718967559
958.473990291
490.768892214
859.573344004
81.7693475816
253.198722039
968.259458484
275.038929972
178.078159584
973.443709138
185.534024828
376.314057607
405.955779785
928.300749525
751.746452043
190.050446263
246.479220824
700.216862973
303.121236585
872.542386502
198.610627433
717.411501232
333.659593786
224.296816687
694.709709165
594.07935773
853.280793594
867.763793805
353.482628424
409.962720354
260.874791613
133.478184935
52.9698005833
699.016306437
847.462196245
344.982188014
764.373450477
994.450518243
859.727551322
260.821682127
850.538255803
446.360346709
962.361348666
144.005689814
950.293143666
524.053021919
654.126275558
539.064034161
313.462806031
475.831427119
982.025332873
329.378668836
758.610882026
580.28572241
819.961433027
843.311310513
664.029510944
796.413355203
217.028145528
202.252952169
634.417873147
442.306211401
903.71325139
359.830861792
852.859947957
868.960892458
646.380211006
954.835282053
502.287236328
235.090277864
904.822191722
692.509556053
519.885012678
336.340579902
998.689400337
526.238268744
279.471938501
83.5394411795
257.695967385
461.842915433
217.447203871
15.4021247414
248.787625875
821.236880237
348.421966678
770.327005612
69.8555508569
56.719815157
28.9535300198
506.64840823
284.43259436
224.186771989
503.747886978
442.323354699
939.006774001
431.176858811
790.795000178
616.41434302
914.538457974
811.432478326
780.731641247
952.633020571
152.490897291
892.491863084
846.322018162
613.18470377
493.262351617
893.847636901
697.651903533
299.515563396
595.764781092
991.666171305
41.3487106574
462.355917387
715.657250014
200.802097445
651.857170507
695.793173242
611.891255796
640.29672491
935.033521228
44.4683265809
556.240232443
940.886049271
305.714760878
536.163364334
628.969522674
588.493473978
961.460954471
872.740418632
706.188353415
611.338006683
908.981591928
719.685512543
492.595036588
30.2727292914
795.352416188
6.08331728645
241.419840844
526.061100322
299.416877567
170.248528752
648.947781982
840.935562822
265.668232955
982.494298369
487.071044058
717.066707422
942.661825519
767.80574294
541.860380771
547.584377646
34.9548471766
146.126936948
477.352246352
289.827421116
77.3696333605
729.193050395
663.995526591
434.881046532
121.94579484
610.447441684
241.783041722
984.308728047
514.509555954
194.722849926
27.5265752086
929.790754403
417.090723278
484.340190421
712.279072922
709.376608458
773.239682884
922.771895613
806.645408924
401.553381157
877.53773
389.72679694
790.644652193
157.545077349
826.932850074
910.647124882
322.187160979
437.037897753
887.702879533
791.13780941
784.829461941
556.248192396
449.313778886
866.079939455
63.9245434155
348.524452613
791.359641497
445.990805749
134.242924138
523.572682034
829.059469043
293.123890954
993.293469857
452.44505053
833.537267108
260.183423506
363.148350374
114.139137185
728.868642541
672.66887454
969.400637974
136.842925471
650.397319014
82.8939978765
456.474545068
390.66958822
879.645419269
942.16238097
900.556431293
590.562285908
705.521622265
227.384586695
316.476060518
240.248525249
734.520106961
182.572571306
791.815360987
167.34669474
760.294099613
494.132531266
619.109159045
852.490586916
434.524088758
668.55043413
661.821221379
833.106592985
495.717914077
282.362554191
249.05886212
865.296857407
253.434323836
923.056896355
709.096071018
175.062780509
15.3362320276
801.046421784
876.139002204
721.219732152
124.799788983
985.079634723
851.062336727
692.511799005
937.319638775
946.38878967
753.817794462
909.730190886
190.87224592
378.544555664
514.378812486
873.273301644
709.457502077
594.663669799
173.785122189
988.515331196
540.645155517
884.70427383
885.706846098
563.814533101
842.346605846
796.534353812
255.160242241
836.85234318
966.799783142
59.2500860064
477.87126109
100.58803908
49.8444771792
376.137998502
485.593996582
354.179954684
753.022944993
950.439167718
27.7477220388
241.280108491
61.7522004762
523.196997148
830.137750894
366.590665832
235.948121851
878.424584134
488.108369781
337.231459095
217.823207458
940.807206473
371.528427221
661.930942555
948.355191019
724.390614735
795.393367432
2.76623553658
140.020021363
931.967697847
526.661042282
491.002817742
144.84703256
526.630985011
430.338035821
539.726429096
734.476681478
893.721772829
973.937218437
514.454225271
304.913272554
88.8085217037
107.927243875
320.390838666
393.132439991
897.229384194
391.83386096
563.595386511
518.836836702
436.411971619
974.176594956
728.338067987
987.793393868
530.87097509
326.22157818
251.227437498
141.522311027
817.814110391
481.789755161
34.4903315541
281.491133182
889.163696166
887.252331983
309.125401713
111.619649713
112.004214884
783.771357868
569.754185307
171.247054884
845.398788357
383.427258068
223.584887842
873.664398004
566.165229928
77.7902328521
543.360320132
855.978194523
103.881458316
525.785711089
132.577926803
425.589247954
115.256692307
87.6542258684
386.812001529
489.189217873
985.461203214
870.592215831
229.17425752
419.483035749
120.239114263
19.9663793747
763.407986024
141.198917991
310.080732798
393.559112917
537.142425657
623.60803462
603.494950202
134.227054076
945.285283059
67.6285612534
672.01098908
547.747980464
523.084403554
374.602096514
6.28930502214
61.9441974851
772.114755253
424.228530731
606.658929698
641.906379088
617.769576657
356.718653873
6.52101241346
162.353749504
118.830740911
295.219594912
561.581376724
44.1204923716
874.140447883
708.464204514
247.404204987
216.156666334
899.475987664
302.231686588
102.115644964
216.046764436
532.994192687
847.170705184
659.21520516
64.4239258378
255.748341023
486.36233707
967.951855785
952.161473114
890.716436108
477.039874201
56.7854732588
783.106198494
728.290498585
904.157340605
23.8073272312
146.84413766
14.4918257867
743.830798817
360.520056119
673.959690984
748.87463917
918.119955471
313.591956368
475.67136193
367.713244526
305.198620363
323.597917431
959.388520584
637.803449621
703.732505046
605.905473759
825.917349112
253.676098289
122.873262381
831.163190467
73.344045032
425.551232566
539.663143056
860.990691303
19.8175240697
962.561718505
866.1762587
399.424852549
797.426517283
181.14818757
856.215926145
173.331868515
997.430266395
287.648470666
92.2053281439
731.211854596
729.274362228
842.043667327
703.822653301
189.303555612
58.2818356424
176.862107021
170.861474377
25.3091699441
205.510254453
402.670624902
67.4638110892
668.708272009
79.1965118144
240.841953978
895.926962854
434.662898628
310.441097277
861.198192083
665.535365684
93.5758385323
956.430670732
746.168601429
598.828863042
659.695250016
157.927062443
860.547359836
49.8459900397
483.416183498
75.4035954532
856.820909791
884.734221121
495.440191893
686.559498572
903.371196801
352.385880168
904.074290966
93.7013611217
1.52316517066
242.555192732
143.2393034
623.390891734
631.173982068
255.745914911
860.365927466
848.812728783
948.207567155
437.206568773
287.493221982
867.882469272
809.047798581
892.975836117
405.941211636
879.2270352
140.955667424
422.508271035
490.590117837
15.6351848048
787.448883214
419.452702045
537.106800789
498.551564015
525.333588816
149.237574017
451.978152316
333.682534935
951.524232466
525.57424448
959.114229326
76.0682562301
368.982693809
301.006764341
229.459932113
518.282872805
84.3718141877
428.92075001
347.304170484
613.281052185
117.613711061
721.063801986
476.658134927
915.104195417
164.1129923
786.830366644
277.780013688
192.583634161
74.449282219
883.443451059
216.079084409
95.1733422593
121.097745666
881.620817871
342.950237671
819.434064883
692.348700327
884.731038576
330.446654341
146.236203399
89.4409992896
939.495734421
86.2709984203
83.1850682353
783.616643317
6.97818017928
443.67910211
544.289189493
573.356989099
221.672445061
510.454388946
383.68463845
24.5827053337
592.311716969
260.342462369
450.430101345
989.672902076
728.088280394
927.142385296
521.014840346
37.8454186405
490.519056936
974.188408758
160.274279639
340.165952612
212.080846732
207.056899992
678.514327853
483.7347643
893.549897198
401.073333925
98.9790108566
933.617509565
233.590471809
245.02574587
611.482899304
955.078663851
334.823975862
675.186325824
217.088586755
649.160401308
112.534325208
119.628268763
704.864714641
787.615960559
773.048247261
854.160843853
205.258895921
120.725249128
122.860833965
141.869897396
334.025431042
217.52171454
820.772525526
718.203154945
531.351775989
411.025195442
800.318710657
565.406347529
175.435841068
867.680461675
429.591404598
536.503344432
605.888500305
159.560921926
501.241466494
119.679904618
833.556393639
70.6414462984
450.724822263
272.184594728
876.971794217
204.139636743
884.525501868
429.259814213
902.325877817
29.5209418988
114.24135372
450.93855357
881.280600715
908.170744139
919.688700441
577.834238486
207.349395589
145.267946454
81.1728358127
985.492311865
784.146684219
395.404440579
922.762111666
564.920475979
