1500
1500
402.350432815
218.486929291
400.485807422
475.993225817
90.642095658
899.050510143
169.934165099
858.584905314
120.410015674
858.901525534
673.5769425
423.707489934
389.228369549
518.65510906
110.030628826
259.734037417
450.139152885
776.744761813
411.21821714
634.615240033
393.18572048
601.188521312
839.409527094
486.410364799
785.501815305
245.448502215
112.508950348
689.755340472
710.085013197
369.850738223
98.3287995877
473.085502569
764.949150704
340.766169171
310.096204896
473.614312191
495.997342089
88.6387731994
736.845005717
531.756879179
879.010256021
456.218176311
164.653663437
354.136218579
321.264269927
511.861700714
238.785574622
528.158638123
714.054839441
629.199911295
190.982545843
330.049527124
744.993248744
776.747335741
667.034855954
133.782235817
367.572386108
597.456437241
497.110587934
658.181166758
108.583489942
538.192601262
382.258934452
583.546038991
281.740450995
284.202550415
88.6060593742
101.444231919
757.292388318
251.691659498
113.277174724
858.865012221
124.829695091
582.831288845
527.41663653
180.119278264
864.995295707
138.230294911
657.228611574
608.126354809
793.43654603
645.460918389
391.001929856
172.759417335
705.756312978
797.84271692
278.992730181
573.245475072
740.061826949
157.088484006
154.837793049
824.390402334
238.959143897
102.56920098
153.886038678
861.898877413
871.585724618
158.567469718
204.521926239
689.695112099
819.109399286
694.491523088
817.697893245
729.267216951
563.171546893
860.358829753
376.103830896
438.039582405
536.511020039
772.335810068
839.260052952
404.218924087
207.60053534
632.758629548
679.034768763
731.591724371
564.501929812
472.385526896
515.132009417
541.182835845
891.816882268
890.931203144
351.18414426
227.894184754
119.637769
98.0210368688
378.671077042
637.185116444
504.890394358
554.776904171
202.38480626
739.986996374
706.422230018
491.110674211
586.585287813
90.1914458866
557.101374571
726.624748239
273.337782899
794.172989428
112.852937606
718.798801398
76.2623075618
427.092378146
326.004113977
138.696132901
538.484996647
755.332826355
366.013768184
251.703927979
546.684224542
862.459681486
319.010674586
261.510552095
320.551503535
652.408906713
358.869292121
77.6916895484
232.939006428
384.885417824
461.219196754
638.483206451
340.380720867
544.90347489
172.303035218
251.109256084
569.036340909
305.883613513
459.903958559
238.532493145
175.667020947
369.791270959
885.724761921
564.822163665
88.6750880775
226.440529001
654.134049249
689.061226356
871.641731407
145.623683656
742.433073315
323.734512527
140.240062128
463.218841698
453.376976987
517.161108503
196.191000996
403.436727187
733.219797807
367.842525543
97.3483351231
817.808377614
175.729796483
657.894372251
847.201660629
515.435987274
76.0242888745
547.185152888
297.079655447
515.788982476
168.81086723
760.697434349
656.501534247
748.03107914
394.76949169
389.463294024
90.7307874504
731.701518817
344.096943596
775.219011753
543.168875496
844.037654766
304.948650216
221.894983896
198.105530981
278.052647567
311.266571817
462.837581358
492.802919791
123.265065928
481.999175663
303.183266004
200.468046516
216.398902977
114.693870305
752.546985354
699.510849454
230.668780279
574.156885696
823.767768606
604.143929661
847.931234834
130.502581405
388.042699418
158.103587436
338.300379541
127.128423894
88.5739199738
775.270509327
501.362209537
899.654226568
443.843701856
184.863197815
504.524326852
440.737758246
315.850610039
669.73538599
762.269469854
887.513033264
336.49048893
203.434154243
684.953956513
470.194084068
524.466738468
215.820295465
494.330660979
592.767693613
253.284569889
300.299279501
371.227273338
139.33716807
374.282885733
603.879653121
273.51495685
311.736086907
134.530113342
273.883102356
340.906752396
383.232074093
592.859625753
767.300489302
320.539297704
714.257576854
99.984691217
278.828505511
617.926252543
840.172214167
496.920469977
487.940842432
423.885473517
607.44178125
468.149134165
173.485362709
132.033938987
543.942218842
726.286798781
127.788987195
664.709100521
459.997250045
459.604298862
575.193746541
110.008310852
784.576114618
832.56526886
303.865109861
584.262103814
122.29522256
725.682510254
554.98651316
372.061416713
694.846437661
739.164609461
515.645222821
246.315213305
86.3666163698
739.020532919
148.933212741
135.587407577
566.66865406
502.310008041
545.668766027
374.564315703
701.356635899
223.206276897
82.0728089435
693.214728926
864.227890643
896.62541565
382.15044631
777.843871095
865.886863631
769.699587201
558.12539612
478.52238675
581.097455961
829.485662317
153.113095307
759.261206073
403.454025563
314.913163748
610.623180609
317.92486048
643.842092953
625.527052988
118.889834939
735.986479297
518.914607191
278.348925219
693.552342863
655.811316726
190.710925889
579.438652806
454.720513253
475.749583868
666.910488709
156.667364641
570.058320823
295.537817893
197.999385412
461.859578932
706.012866926
898.032199905
865.521574848
826.34273687
324.914465104
218.234764834
122.488154679
737.590397811
514.742159596
794.59152493
660.236714654
141.574162209
358.958575064
666.094214974
266.859074266
418.917645128
196.436266846
169.570294562
802.464460559
762.695479207
782.564867998
144.09560952
474.851941783
790.241319405
840.098241025
353.554167489
616.895224844
695.494597591
242.804418919
555.009259072
382.577001327
729.613736896
511.04910439
593.788356402
440.366252926
722.951100616
297.62782114
807.846928103
184.268957007
109.256565756
873.517099119
218.904237177
177.920055679
828.274561893
684.068274411
652.234455042
278.233979103
268.096305352
459.704457398
555.777161753
820.458687567
279.076964078
852.471093434
504.087123099
303.032263751
451.84558201
244.070631065
116.864495486
166.345191121
613.597586393
690.538679816
853.534853962
723.527035037
378.124469675
572.07336967
600.553197176
508.047276018
704.402229909
383.748962759
547.260654722
215.262992424
277.590320669
313.67429908
657.684405385
186.928863197
105.278737927
249.052284858
628.750962021
644.960832621
758.206341976
380.539660834
301.52427529
164.906162063
619.972345066
616.687969589
588.707161358
618.795248386
440.591024074
851.111663525
404.705581797
719.261307342
161.020172961
507.865963824
316.147845723
84.9965684699
551.672004053
705.588565238
476.869440423
288.195624834
638.640768114
621.822576783
775.277241471
714.157052747
195.136517707
115.307334124
253.314209599
337.155152791
143.006846145
439.917141022
271.673894917
124.066737226
386.562325512
820.110093813
277.449704824
599.760664474
422.901570621
349.597102802
820.985897441
586.504169165
627.303989388
752.059733772
687.791005483
456.922299082
261.164187561
805.792943821
131.446104415
837.598130316
529.828356249
666.27587574
494.251381691
419.549308833
139.310933841
642.527316235
140.651875586
92.6390359032
672.887694918
636.726857434
425.875527178
487.487274234
490.634298705
675.867351094
121.490967871
210.58547744
615.216096706
833.296739389
833.23511879
518.19060897
811.686146726
392.738165685
295.872124863
837.234489622
838.785166431
607.50573552
328.341091261
303.467836969
735.450179147
668.601800312
728.589481737
719.076006939
542.238402974
610.681036096
432.622044299
252.916311381
85.6192075333
545.645493349
154.96966191
645.663046424
140.727862747
613.355406498
368.334429739
671.926920219
889.564552977
701.458304843
738.630776835
709.231135995
120.998502984
238.078270146
404.344878558
423.004172172
132.815526788
838.018891429
263.711551049
854.653775019
560.783119017
367.101745828
648.609925758
833.080628424
626.98905911
479.841415782
139.864458587
702.610726079
384.096758797
230.722022199
491.509993505
718.818142489
425.910408294
262.159741906
313.715001257
624.426131563
450.763820097
759.416429273
165.337968164
430.43651748
461.216273898
561.129432968
471.70765147
384.671286562
742.241910976
206.700896289
391.928135576
287.344536423
145.770891707
806.612830817
109.045262982
740.5601323
313.997463392
106.923662677
779.465515806
282.184458452
849.090234526
434.330046022
453.035942751
656.717711963
529.785141817
389.123434706
737.424633793
740.550948016
277.57568614
274.822740956
296.169582795
468.042462766
458.547600778
659.50303743
770.116239734
695.122016091
330.259837781
435.109644004
307.274707472
450.041012462
459.880086528
699.827298323
596.41060364
676.818204767
682.596711383
168.186702521
559.757574326
485.115041352
221.427115478
590.82997039
825.63514071
265.446848635
111.57571039
76.3653596125
892.80865716
505.490317852
320.134332167
283.197998793
767.846602381
830.675004835
488.888736696
544.960150162
795.100497625
621.493342192
871.376967885
877.387405796
508.587552808
192.218001548
399.546462198
103.469666047
871.000874616
602.475951457
92.0334457005
711.841872087
187.786934441
714.001515819
427.737136006
87.400001974
298.862935359
441.121902412
155.835425744
102.481439804
457.719332792
759.673947273
601.234665953
800.716399135
607.043024164
352.1827072
304.207827472
307.76336843
291.630034578
124.291032396
145.450830129
209.934270334
359.156342618
149.389839554
318.604865876
235.998590336
164.164727957
160.049144119
308.312638356
613.809307306
399.666635532
668.473927704
161.895568904
132.050640804
676.033419017
108.416500576
574.536727983
732.577591254
704.523106285
707.978403869
236.539764413
461.871864841
147.413571564
684.690914301
706.061571163
123.631767218
543.974650566
526.818149169
696.694855641
757.191781341
628.228137957
111.799991482
445.591030576
272.194964581
498.816979065
648.55210617
381.144126965
328.876119124
565.792004853
872.894554037
627.346700284
137.052409954
541.073005833
758.427632553
361.17538932
94.7352531766
413.34823299
528.524190463
337.538294786
524.096016485
529.501729027
277.307574866
880.333740624
107.893409225
768.278757701
633.077663362
650.113376644
199.91351351
291.159630911
387.855870916
492.953985696
582.323788446
513.861891002
279.557216864
518.006457078
312.387958899
83.3054548321
742.369727381
163.619633097
246.501086636
832.084289524
244.83329933
466.701509389
847.596749824
416.328850708
144.612086357
509.811373192
131.452379044
210.005117507
590.432619317
249.446196971
170.853420406
390.15772825
491.014447696
178.669559528
721.871558817
575.037713626
129.514610078
233.564611211
628.234233051
422.173612779
431.795894305
661.783213656
854.231501716
786.745069867
580.814064721
388.517060504
268.56310669
124.700181094
276.881931498
414.087729391
616.046407326
156.177630724
495.010050207
628.301465752
876.87511961
618.653867345
453.078138135
754.73140373
421.406168359
218.296735089
475.015946841
763.061351408
323.269908166
769.24367206
659.062056885
490.185323996
110.628220611
533.7783601
752.065734504
892.288695176
816.931310078
166.016097131
153.28415221
227.645735957
786.146547732
315.578679483
186.110403869
872.180805397
513.444407048
135.8905407
384.18686067
709.538717872
868.569572156
844.399710355
127.429703156
226.695300964
163.154288321
604.170307731
508.71216722
855.829710796
645.312546747
243.126910613
775.896010396
556.948307215
229.078840469
738.432664693
537.29076656
691.95325868
577.283780232
446.920949443
418.103946718
183.696125761
748.550557766
689.064235532
269.696734016
109.44015289
298.45936657
516.607229167
236.07057254
159.858624029
136.112068271
194.064458306
123.666628995
150.657351918
443.987547404
884.808132129
697.516465429
652.75390411
484.513179669
836.341524629
430.138684343
746.600343793
454.785375417
189.95162138
109.248408225
95.8793870164
577.568229301
426.931760516
399.549401597
93.4958199971
580.550321213
216.800651605
419.859367819
840.714540582
500.212208776
227.828789606
190.945605326
791.45775871
818.959830215
92.2020714604
653.924938619
202.920653573
427.707116662
569.590890453
427.246229945
703.068528245
80.8504753089
446.461190314
174.4086166
631.920058687
114.459593214
173.518443894
712.095333043
306.082915166
710.501688797
315.290505977
85.8906331113
728.154610783
582.969360264
482.658345603
75.2808847328
581.71952383
675.540269153
94.1361515429
192.886390274
570.084022688
789.552932838
151.422283515
505.757099507
789.238228423
598.61214799
392.832034129
449.753243432
760.922637396
843.32520637
467.990986942
472.265078899
826.330650387
503.485094997
110.038182853
774.163583641
524.103008078
268.618438641
865.138845811
466.167928115
219.210740648
815.729183561
684.065020226
470.780418188
506.792019773
249.018863322
336.159473187
727.773556269
245.448651768
795.879670046
451.419499242
153.127181023
563.813834655
371.536606847
236.544499194
876.053505859
254.717310606
138.339311198
751.053085537
688.797241024
209.33083383
455.777541542
504.959915017
433.971898273
453.708266176
545.873609088
604.380192613
745.647551483
163.280864453
110.541897384
345.105550241
352.017603291
185.908175815
478.512396093
256.641480311
841.046927575
836.835098662
748.577410124
326.315895211
891.940713746
859.781228672
612.285284118
462.949307423
512.297846485
897.868050622
854.927995771
887.645884932
644.962831975
791.472157311
769.249173431
419.870596767
330.10829663
230.86059144
469.461683291
108.784221358
170.691484617
473.429069319
203.958588023
850.088681954
290.01978119
465.080718471
107.498769741
601.266061399
521.967935882
669.916287126
717.802387688
600.018331678
808.353246719
621.143021906
894.605138547
438.408602449
258.794467917
648.758628588
299.167218121
846.736203559
890.652086553
382.788504839
694.371126557
541.333703742
315.742731928
663.363340358
249.86615468
854.563044811
144.370834832
153.561379978
569.817268442
249.671129598
686.312956607
527.846841713
525.719826126
191.157023299
224.394631183
318.119726697
451.439720559
697.460262689
753.317613771
194.794295927
177.841916245
655.964283443
715.072122687
87.1701971671
524.177262126
247.359083165
503.006348405
646.431041036
746.14308387
791.170568477
832.818380913
780.559720613
805.29925309
312.491471292
327.60617939
275.470761781
417.779428722
374.22859991
263.439711685
474.340764158
672.055860539
198.808041225
898.795203528
251.465048737
759.136978062
684.916569953
235.008931529
279.051988435
352.308849975
119.958799076
99.9975580097
538.941246149
548.907445507
538.13341705
113.523527568
731.740782495
770.985072237
223.743400535
759.572220672
374.580377183
105.7572452
259.707962525
354.4328945
853.152750962
709.304544338
283.58855611
282.537445858
778.785464046
613.044835375
765.599323251
466.773309372
472.162300171
209.627690392
651.687620342
834.504868417
207.38297088
619.725533204
216.286309633
403.024147795
584.115645136
597.660294267
543.980765081
412.040302295
643.976515756
591.753173824
887.785167644
407.7573953
648.448003112
167.474996136
842.331787974
821.871931944
88.7698899513
612.76720384
758.67674737
162.535125035
691.077909867
695.151493683
843.447998816
668.265012527
843.723761819
192.056166391
642.394238451
855.562271482
161.841008605
228.952123853
456.808326657
893.765176004
345.52885668
368.318010445
757.298021899
509.333312838
438.647693436
613.246810102
328.995061359
775.471617777
849.418008412
93.8606441777
442.658142166
129.173285253
118.053204301
652.386163078
883.745292009
223.150809991
396.611263134
814.044886706
866.034345924
154.964733372
78.8684192688
576.794390889
325.623667095
758.649699499
473.109072966
739.207067568
882.693092834
483.048783781
173.880459124
346.556276851
674.747349463
305.898740926
818.147602216
773.276228808
142.338270988
752.600766548
775.434101879
197.202574201
757.76200082
467.988491744
121.513811116
607.335235418
199.222460328
336.893017886
734.355173499
711.532980051
877.154643228
120.114875785
448.886453703
346.008731723
355.942319328
853.027185766
631.442212688
443.270744141
608.210359958
599.471028015
765.246524309
840.835238045
732.65556983
488.549077084
93.8328139344
564.638992278
124.962415037
884.228000586
432.462491171
784.701920909
622.978096435
470.052923531
566.764737201
873.936018673
528.247652548
637.956985599
885.365147672
563.384833937
604.384203836
207.807833653
771.752017969
809.135775537
867.32241626
604.589821914
443.903168568
745.742874078
93.5143466826
736.986736635
152.247247786
702.545727891
362.732212472
562.136120254
583.389338502
271.514786635
751.034565745
766.338029351
148.716547711
544.487824855
398.254940465
323.250805541
356.398754663
762.886845021
860.375825444
262.699012343
448.029663437
583.22430464
898.579345959
292.384232697
825.52914726
389.335574888
196.827224708
465.432796418
309.766042702
466.057803728
553.080590043
467.893992988
442.065526619
338.575221797
226.312806345
832.05026535
243.178532504
484.39887499
875.553437239
661.517599861
718.444174441
777.113507431
648.405885082
461.248420225
676.074486739
805.395266822
822.936661573
310.03228018
114.648811619
470.359967875
345.842168666
673.925741164
213.985203364
278.145752922
330.465561291
540.702047667
509.202721976
823.769698263
552.293332331
773.65946673
269.964905194
765.627025181
428.153570695
858.441905093
392.152397775
470.289584747
291.727038142
824.73357149
208.825870249
616.1457875
883.768165386
726.20082519
812.932969667
458.056443301
512.946892758
613.57432673
684.753819232
250.273181891
660.685882559
554.079233149
765.129335362
613.114754331
373.040566869
340.068780487
470.966012725
546.004752172
612.8383847
362.210578935
456.227806228
359.725350491
343.519209594
654.792749074
794.286432802
664.0719645
817.630442038
201.275982202
780.311599986
332.019892031
430.405638365
618.049804877
876.755487811
651.751264689
528.048119667
251.317079989
369.6494059
487.430109896
484.884621507
886.208126507
362.329702931
655.186688548
154.813910849
663.288702449
748.875759771
635.656641944
581.473463173
863.202356758
281.31134285
294.536224614
108.341254103
345.844726805
136.006947069
459.310034797
778.634183187
143.232645587
301.116151059
414.545590361
425.838218349
443.046173547
848.696963361
241.073933614
122.915033079
642.093444806
135.483882462
310.660100073
810.979821151
200.182465338
534.585872016
600.61848865
178.598208566
876.785559233
864.035129036
355.999359248
557.881582301
772.047497936
662.922803288
288.818521678
170.14154711
521.382207805
864.469842029
473.072710858
675.590487888
897.319459879
226.749276114
358.704382997
852.252660957
327.218747425
800.226020337
793.795200069
182.125418639
245.924197017
476.473535911
755.929055702
164.832647077
684.950466616
537.859304191
233.248120663
560.597382278
521.094596875
554.048754948
463.581948643
101.900580875
564.899945876
385.584582878
697.332229003
754.020061782
506.490204609
875.386757347
560.897086866
672.940209622
248.282004209
289.756702346
849.810249207
629.857812344
647.437291861
554.155586584
531.083966546
529.152697947
387.520622483
662.744939693
127.456821017
796.299997369
847.987207755
894.958687748
729.049662933
134.975000204
608.238859321
899.911635095
121.919814355
744.452933355
883.247060245
830.976218979
688.783099144
556.762752359
158.093704388
189.68336644
214.432954366
263.929944993
119.932726438
552.872319329
166.592060826
323.492186664
799.810282972
80.2159588013
640.456201155
141.788383613
136.068161445
76.9291057212
310.789505121
699.701538603
491.923588383
399.91215873
334.60120048
291.584249755
150.265259536
645.342799861
268.944721226
490.684761791
197.611702793
342.805107419
337.256261035
489.937476037
158.521737512
85.6487090391
170.687085577
890.898320596
851.541856547
136.376611985
155.102996032
259.276856329
194.856257383
810.180850737
445.753469122
141.827696619
776.306765164
120.515687228
236.399783147
400.946367003
105.334462366
681.560983419
324.503429108
568.426441726
165.531205243
745.373544635
538.611367313
225.332657731
720.980317727
501.178786903
830.549251915
328.153654839
561.903799287
422.954644512
310.41004146
420.353057469
238.363975997
187.174740354
111.463486407
75.6883310829
356.717716309
190.023061883
747.844884885
274.914066779
457.785887503
365.41036385
100.979435538
168.437778049
120.392747603
793.01486757
170.954964093
877.948039707
171.365219449
432.767029727
671.79451142
777.273163183
296.812670507
230.514336413
579.19917646
725.65126311
590.152549115
746.083383755
763.333790391
623.25660803
877.883856685
133.110898751
346.081675659
463.634730381
752.839015281
510.747836916
829.936554185
298.664221681
281.537718019
154.379867576
850.385608296
317.811809594
533.776553811
485.865916496
498.010218783
192.075475699
371.524204488
683.794597117
323.687169276
722.449589797
467.267111185
658.986162562
181.369189471
697.686800348
549.885987178
132.123324888
480.382131615
369.121053013
673.190306392
137.865510915
119.696212852
330.200295134
440.227549994
383.700511815
519.895727637
335.575318857
587.004947183
840.806861209
880.951723161
514.168751845
99.5150792675
153.147482516
756.035670454
85.5278493132
672.879055452
627.701363029
287.940663577
533.102219296
715.031338202
167.503619411
653.31756899
82.0846796371
559.653527251
671.881099354
165.642160813
710.204455799
429.305667737
754.124228307
487.870720258
587.44846655
816.064319597
306.685113456
325.897901151
230.790055537
107.828405488
692.297430637
674.427638555
441.510528776
