1500
1500
221.464120619
857.679312991
841.234581702
832.408519886
736.567627154
321.398153865
453.730129355
755.591708762
611.588611889
411.366967081
626.261007019
494.805140472
265.199116544
326.004737956
190.03419873
818.618219967
496.930407209
115.036228343
521.803082795
644.612306459
495.629640309
664.520811261
75.3905257671
484.249351454
167.636644642
441.775384683
446.126882421
531.015093034
489.52109962
878.822303994
603.450053226
193.31860502
597.835973059
394.540678477
245.026250438
203.781709346
126.459882181
598.544362042
309.666558234
526.036068772
407.554169055
695.436640739
443.978047082
730.471455183
610.695388269
173.719035132
761.361583674
321.189654824
679.859948382
341.320402102
824.397755968
449.608356156
91.3233622663
629.974492319
845.748611852
595.423861621
401.69679144
298.647894915
405.964393895
784.212823221
699.98778368
774.960607931
740.294186855
880.880723563
213.465226016
451.611791037
391.184581101
893.27617581
91.850911633
584.200210017
273.078972383
483.485619053
697.697625976
718.893300984
834.890727608
641.226750833
753.557329376
115.139225661
116.321697865
518.300384319
139.603826811
377.860583178
577.279798104
664.723594222
840.068878812
756.116062816
835.77419602
855.661806251
132.205418363
217.746347593
572.596593697
440.504962257
320.472309457
366.628616034
812.824050174
340.336644959
308.83478099
751.281814241
746.972106136
867.34914139
479.630490086
557.117349086
524.03828062
448.990859711
797.345849125
374.053556799
124.348015961
432.010328733
338.071422546
716.945145582
123.409608341
576.587513633
731.698395874
658.745896759
794.183575514
254.537623247
253.797571674
275.505210425
579.072450955
771.694808367
333.844050792
255.914400994
426.248944894
569.125221699
786.332429105
845.278236029
406.828946615
388.072012385
863.21782605
722.418787272
743.015445338
587.939588166
157.419529065
212.538625358
240.144638759
630.389682012
318.340186258
586.427546789
449.944563044
513.423148852
162.805377118
199.07860396
455.446934864
252.242701444
414.576952504
260.425203567
772.360414757
819.337028293
102.785460781
423.206641658
545.078969379
674.366588625
100.534974231
245.440678274
877.167438048
383.283297467
748.534854446
115.003952201
844.034067095
188.610824059
80.3185021961
428.902293091
195.08742223
792.075033742
397.546057418
449.196097223
511.561611502
699.989613574
730.598667566
761.538672404
822.285749393
863.914969864
785.759673026
873.680896501
536.529187421
264.022356017
229.832787189
436.468197764
179.400411011
277.075873394
812.773243632
172.004925033
615.642942177
224.000050163
399.088700282
142.87489931
430.082643764
540.938154375
778.209751646
463.685926411
410.933973136
308.324342529
591.533733972
270.169790461
296.918935671
330.383759811
122.551225375
593.66178043
232.099519998
231.738907343
813.354472585
868.139919248
504.282353034
444.878464671
497.668893656
511.764803578
545.675027821
328.261844446
701.467654739
185.169209122
246.364972234
764.68360751
782.752396863
812.729686754
83.9611420227
289.865082064
436.647930996
133.912221096
379.950128231
738.815288697
385.148454479
413.013509897
394.533243809
177.387163628
255.048946451
795.858412625
421.160746021
419.008939849
439.588907893
572.15832091
762.464912455
897.659122476
277.751480031
267.794882716
461.040706519
401.919690269
492.739385489
864.386464924
717.274647021
313.816026753
291.960824113
869.887240349
616.517556974
887.552734806
253.522323482
508.361451986
130.832540505
607.419790274
846.149639587
811.750506118
720.232170067
137.025311286
157.518371801
557.654867164
794.155475644
287.827412198
198.749989578
735.749045028
141.957833232
267.559291024
636.760957286
415.300336679
273.56597323
211.172797708
246.328720601
892.830029109
556.409038436
631.881207493
566.853858575
194.071201793
622.358446458
110.636606561
804.553424447
289.368200985
385.085126884
425.459572714
523.948796966
413.673996706
834.198174759
157.874762928
566.153595196
390.392221062
883.170653727
879.287132775
771.674820608
356.703267023
533.123580379
248.831442029
292.501222325
406.973749572
895.00285414
300.978391283
569.864778149
203.935188856
482.051671321
498.697709482
465.108926154
250.022499575
460.901366498
590.027895783
524.036529761
174.132973194
125.303392769
339.079222399
569.316144223
619.847414676
498.586302634
749.551835816
516.066476419
795.647585271
418.774576681
131.408821844
803.001844457
683.405482976
497.834606576
674.935686404
277.369480922
514.513831401
579.36215622
809.189099474
198.248952808
265.587527544
839.753454576
485.016804738
518.047462814
109.823375078
877.179085039
643.815578908
767.319064603
329.096688867
145.381034737
162.044302514
553.02805995
677.654880392
666.464665714
776.241547584
408.441708362
531.990414146
832.494696525
470.694988818
451.259144234
217.648626467
504.173714674
438.708004295
782.868270278
344.868559535
381.131903946
565.874165701
169.394686868
260.164419711
301.321602798
518.236620926
106.545692748
305.615981594
148.524937413
882.311904238
295.33885146
756.869279934
76.4844447896
352.163850961
720.211818434
88.8794759703
396.813053719
240.153566678
852.91904183
484.900296697
474.955937271
237.058922614
100.860048889
709.30643116
410.236870249
441.7607553
757.841173826
469.627152311
892.750113135
407.672869826
116.372651095
577.317682445
735.435793982
264.220584492
344.216710666
515.705116413
662.159647431
104.879995927
623.703539474
225.960923519
815.983782492
347.774939474
232.257202422
597.427022558
214.825190384
412.771997932
749.158115705
854.236382613
842.310716723
548.674578244
540.265694313
484.301153994
726.900341479
844.40975152
821.001522861
756.784319623
622.383647894
125.154233742
168.703400648
852.18782866
790.817247561
675.100331813
896.495442231
233.96424227
722.565120809
363.143571832
294.395092014
403.576557192
572.216488881
686.289684613
288.970544103
426.032967896
182.289237527
488.04123034
629.325072288
532.655439468
631.045340972
401.07488108
334.859626485
136.633272547
320.307057007
248.875114549
319.599144951
552.168802871
372.242403606
302.847082799
181.924019544
603.034366134
799.161837615
377.852156196
228.357617662
436.482746153
171.506855835
891.179607968
815.834058818
309.711552922
488.42092542
614.226635293
759.241284089
455.760985557
282.489422263
618.673132535
486.169870851
326.452753786
119.170259929
183.008559228
657.028545023
326.455329003
682.227526315
568.152435499
632.153101591
361.792289237
453.379535784
649.034289949
186.575785014
182.317929771
214.63790043
422.97134842
540.770935069
457.240345926
186.381940119
122.270448169
323.186972909
547.223201382
714.21934723
622.61683405
352.783792145
558.290473459
455.302287753
766.399001197
319.87035634
213.23447001
383.376416983
174.222253051
867.039351384
438.959419124
459.481516453
581.996809592
159.115627361
125.471262607
809.925148767
163.779000399
557.95708789
569.18554425
449.272507726
298.371089681
859.285799424
811.136742828
118.464082286
335.538904462
611.2217227
585.391223343
388.604193139
259.722102969
691.22823474
294.6295639
471.647390218
101.602001725
708.828287724
764.942290866
162.886028203
137.281461424
129.865124087
534.904672292
791.156245273
746.484505904
295.715678523
639.675828141
619.25670547
153.877613634
623.728092529
281.079561499
250.234852696
241.043585051
353.459208429
536.378010134
287.013667461
616.437330613
262.874655323
520.975393034
849.547415137
801.979210435
171.09027979
133.57212041
279.844928094
404.004066223
281.830047971
210.62494202
830.151585758
805.482765867
195.694428279
327.416052028
426.128459478
787.509114456
595.724494818
386.033453993
873.301580868
763.550077918
778.486186391
101.74683546
708.426563334
823.57626124
586.492844212
638.495081081
710.118570031
137.448159828
709.021268969
837.027183349
554.762053657
847.055830688
225.459815933
638.228799054
233.102910958
101.11786937
890.70108752
244.152255344
763.032493634
459.127305448
269.062032688
163.338962108
153.387259103
861.910589511
290.118203147
428.348444405
559.895482528
244.689430244
79.5619423333
878.340938439
467.545366025
694.827596936
534.909877055
746.001380653
880.832376357
687.15824687
566.606944245
503.787719908
83.7356945316
609.713215386
626.149600543
87.4878707083
569.610758983
392.576233031
80.0111249326
789.265755907
653.087887309
583.083411157
302.925032803
211.659729163
869.254185463
636.221567584
325.166670369
478.277071734
425.777709416
503.112203004
826.494161224
889.700116919
212.084364614
81.5556685526
677.812656008
564.189630714
694.956917841
617.080956412
155.134109098
869.44360012
90.3606627405
256.939651617
803.567117828
625.034467099
417.325377505
635.112302317
414.01953676
221.500740166
888.491370998
644.764559887
873.949305223
297.107749518
112.037845245
79.9034071901
770.738411169
305.494531294
621.636540315
529.854607275
879.789274576
689.883527327
676.333306478
703.341296193
835.665982741
266.780770658
648.240497243
297.508868506
504.259267878
190.949207983
681.964094957
511.494108628
292.093072222
242.923274903
643.479984513
395.82609222
757.082859701
488.75150039
574.19391096
244.085032388
140.369432578
414.572182307
332.77391656
162.366237162
425.317211954
852.805733563
298.771380564
375.871380046
893.794336938
664.583936708
818.721030241
692.787742288
871.556693639
330.455547656
667.287614318
547.86726662
821.955246836
295.984285894
853.508422219
432.735746248
771.406550659
538.509485926
386.768180305
342.20634853
478.999893308
481.95446217
296.099615689
717.946460933
96.397064202
612.714474869
389.862548032
863.032408589
194.503056351
450.962939217
91.3770944959
445.428577509
119.532039313
94.0912673006
260.297415893
373.357460512
505.529655681
224.205847489
411.099908028
134.010703085
755.671446365
184.117341774
695.081053335
512.753953277
228.018921236
231.765975703
170.015505324
574.206176087
772.318135391
461.448749976
777.907120481
510.961759871
350.416590439
582.368541927
545.161848585
744.300704773
355.601145501
618.11128953
808.86446435
166.738180399
773.883942638
636.812273391
792.316495809
794.9935942
255.774052058
836.035460588
620.444477734
686.925351129
643.026770392
197.206254054
468.925673284
602.266408794
694.831819832
695.002151297
846.453547205
735.275584742
251.173360321
318.206662874
485.840834639
455.30515067
389.109225805
152.420086027
767.294132519
352.560531525
132.145576129
263.896795687
267.080181621
309.688900174
618.89904429
807.284417387
131.861469222
165.425850671
305.689272153
340.710613326
299.813261008
424.191768743
476.103115146
529.983588018
321.897702913
547.93717662
120.624483119
208.928944034
574.12245405
475.678002301
727.629096741
707.030162454
856.963837101
787.989492876
181.376626035
485.966847551
474.947745293
833.215658
827.944582184
497.542875299
620.145085373
192.241464267
155.67785822
832.036229435
232.81617978
324.434997678
611.32909037
504.575653543
852.979797284
197.903797649
409.190420916
216.768428499
669.068521667
717.503542077
546.790629263
576.924119034
845.414314003
848.907415563
391.64141271
296.505156099
594.800976922
491.497615876
536.975015261
735.762662312
480.725306732
267.041378436
320.743575063
163.328561192
589.197496355
350.658654195
412.021616089
308.276464473
261.659073871
865.263944421
585.736710847
833.521902266
632.352917037
602.955749565
497.785437591
99.7476780272
761.316050733
518.388378785
846.727170579
753.928402402
526.541675284
890.525603575
816.483819493
873.630910075
253.581115428
585.520226363
439.286131794
590.779704287
381.34807934
621.336390818
686.301206132
129.916110001
414.153754269
224.449580179
667.247835703
608.130167687
140.373602
788.386092656
82.5506784569
96.9597879193
665.55594916
644.840335288
836.078655415
602.338439428
706.790444573
762.81192934
754.793888552
463.306464005
540.017675541
723.531989546
595.397514066
619.107619015
217.232906896
367.474450894
454.770472734
603.313587773
198.27966698
287.511050836
662.075292607
630.937599176
172.110953002
173.34064602
656.327569203
761.208925442
710.452013991
357.673834579
83.8810383714
769.373906102
679.50344768
359.193185609
496.888335621
887.47112163
876.582467772
812.122370965
509.690236794
503.849274227
150.89783601
747.451921434
336.664430844
305.997073339
518.182878525
716.281341391
260.034248361
395.956588769
287.993943751
419.632371737
821.136795891
425.792276437
717.625522124
212.809692783
579.018845145
482.519910279
872.94787023
326.795929625
644.361987647
625.326076333
479.578080399
504.418846872
413.627652494
669.899443367
263.462876402
264.265346535
770.727373372
321.389699679
776.796180529
288.072971041
244.269145839
638.771976501
458.307632248
327.103752215
246.227605491
773.883298601
486.176807377
790.35871899
319.820703948
747.090628892
162.902313029
172.958741337
452.645467143
502.245824702
465.656011045
286.630729037
357.284550778
252.882768119
81.2139854335
387.152883557
754.768785908
637.222426294
873.940857829
192.655735823
112.794813345
539.341314196
291.221451314
205.794294736
156.34358402
859.333155918
709.852110203
585.870267934
822.457440258
166.763019412
681.131120646
218.199405885
744.367259008
891.656370452
289.991491313
500.469599342
253.57481232
335.839406428
153.589293781
595.695157938
413.194548505
126.686080606
720.61496233
730.464399673
890.655667885
604.818684216
450.20062348
846.32090569
798.22711638
426.354605539
545.615732374
866.076534908
334.099342074
243.660032735
387.955738718
121.63536893
404.434214151
704.483887002
502.808992787
243.040734291
645.396417998
876.057739492
315.62189761
646.246667223
558.679218373
241.489766002
482.342312726
636.571270304
393.578865085
299.034297663
458.386199084
199.376677907
805.745153344
407.362201641
818.422256775
863.753231084
329.625524942
722.699791349
735.732729911
245.669769758
346.866124227
288.860710156
286.630399115
608.237498128
509.474275069
553.539794084
383.997930334
463.856366292
159.798723494
818.989016829
190.736956321
864.441750347
141.449201594
269.038599508
735.787897244
236.420620889
579.154058744
821.51971492
185.570011471
346.190920352
814.640671572
898.758229088
166.879984281
712.653053093
616.008168041
358.64541687
673.253772388
350.120783993
303.801608837
84.4485195233
351.057762868
543.056294448
510.132631385
765.034797323
130.217246251
145.278483593
806.201133747
585.683883534
241.469585731
324.538521356
115.136929968
417.108067097
827.9727186
406.430233974
350.051716416
878.145278177
859.583111982
75.4466559048
145.399748259
78.7273482817
351.473193582
292.154921539
559.814427257
851.19541344
773.371862939
486.195123919
141.0556529
811.912587654
367.000363679
467.881728809
131.92384351
565.801679901
326.842329982
283.484687965
269.050999806
634.081724617
180.704129841
632.418238934
370.635563414
429.346523007
144.550740381
407.799903708
352.991360801
474.477275962
794.754663136
102.659324614
362.919167978
816.855479054
239.338313622
681.246340158
175.482613567
200.332388356
754.462732812
367.755036057
101.791369789
400.16749469
446.26155629
247.297447075
122.263529435
83.7004709352
307.763758589
275.594944278
500.041401492
820.828210207
860.52265709
535.22298225
480.352094611
438.489571842
602.139411418
464.309560226
383.011297415
754.495072048
386.009167993
380.849404438
638.82295622
97.4134809086
420.947901968
542.460194394
814.845041607
423.233832229
706.639256436
540.374127383
817.393538735
881.699609912
316.813467336
320.925297632
416.445529798
172.482007103
864.010725684
216.879340538
629.262251513
806.051829568
501.747263905
792.22545042
859.533468565
824.343793736
224.572309082
233.638548576
189.969742518
847.184346301
399.950361496
259.030112498
286.364738824
508.901469487
682.095899571
513.392301902
169.786476214
220.74551872
194.839125528
607.376172112
713.091023196
316.560210556
547.65801954
295.165987135
230.249883651
257.771786905
415.339764736
450.521720041
758.767527545
174.082920089
417.708793785
140.798599273
354.981810855
251.749512649
257.183976655
164.405451472
702.79897679
876.349151155
143.500973518
301.022268913
302.764157492
519.335680455
457.317852144
144.476769966
490.881794701
349.418487185
128.061928383
251.271872411
621.326865289
159.50180242
341.113827701
619.573598592
103.956846404
590.037960935
205.463295396
317.133826428
391.450290079
315.152956633
286.144536624
236.405974708
502.755924688
721.364837436
798.985839761
359.567536527
459.447990839
226.842294062
806.484990312
651.215811844
139.858319062
593.585887113
236.979127693
708.309930726
247.220486095
729.528716695
320.615283405
403.41580275
266.580206848
570.763958574
285.688850919
856.825344281
252.774942269
544.728706443
418.595955632
401.391295724
339.781669063
174.773475215
342.300476597
559.721410664
837.485809069
300.159473582
514.214528709
846.977649149
164.047981845
285.595279502
141.87382593
768.526848558
588.810331967
690.801988736
872.969332128
231.763289257
329.5290497
494.680450986
630.608271694
84.9578298997
302.215798369
514.533602505
111.054443753
448.914074445
830.747207754
603.537623378
503.721156843
618.833855434
252.942639057
258.089907306
111.782031149
622.362933561
422.976220982
235.232546475
552.904699397
874.204443364
855.676895218
649.879680987
809.308956564
354.100840311
624.945029076
813.764532203
867.93919448
420.659260737
566.399899251
627.697211812
440.063661829
83.5932418318
499.201283251
261.693554362
472.586166464
452.476812205
839.688284619
410.006594328
318.697796407
770.987283655
525.219075083
702.949204703
485.251852964
776.018375978
313.800478707
448.122593315
863.681009535
522.448210018
447.877939659
799.333286947
283.090773925
545.948101091
650.059975473
473.332251879
690.337065646
381.490682544
250.599974384
633.408463964
814.226533956
222.883820569
330.232482762
493.395864515
159.558507614
243.240375128
756.479756856
252.047429371
758.801753329
155.06214925
578.307737641
405.930895376
96.3969831358
728.704030854
620.934072176
639.722195252
416.870346963
782.447005763
814.971978394
274.18561136
729.112745208
232.764986565
245.605971626
827.990922185
379.333436592
733.265747144
465.494981851
242.641390873
574.801066182
374.249093555
876.468415259
309.319328103
706.525730358
190.345398713
700.716898478
370.157485205
802.788623147
301.489083688
247.196995286
110.409578023
468.922905996
243.885221486
383.645860398
299.35634267
767.477532519
152.655139213
576.943969474
355.75994714
127.099230747
671.05803534
327.370370239
321.239186127
245.640930793
569.632544617
305.975208251
207.986923247
150.489741634
734.172366175
163.051694421
451.105337514
488.497074952
787.093322498
898.127679485
550.270485576
519.78173726
565.079265792
613.944081888
571.406190097
195.269435208
534.033286763
428.463587653
622.769596674
534.791910251
673.371696049
834.212496514
759.010140791
683.79542255
243.034724305
601.837045792
354.004632127
357.933704399
164.296817855
175.884409921
472.42777084
719.249869841
395.66297899
726.813176841
287.108254019
191.442149192
121.306356945
453.774055218
190.942908284
274.928514596
149.863883881
423.752469056
657.834677722
766.106367581
663.76532174
704.636570782
639.315326828
204.208762769
221.922660454
802.210429137
324.193973469
837.936251398
663.771244731
280.789304751
312.07775817
355.487029395
796.061778314
604.291831062
322.663293009
116.100922457
306.079990806
597.196078225
746.496530006
647.352160068
425.241516889
651.007167821
477.085464669
382.0597579
678.299585809
831.806757018
234.394827919
455.084654202
688.468211512
710.059765482
208.012163126
153.050072436
209.889499735
737.193447895
483.583142948
379.123598185
180.686565692
449.591669709
868.762701875
369.865410046
657.010255681
731.87343051
872.82392221
231.229009486
247.503704594
485.139091457
688.667027139
309.774336974
277.971939644
461.987144754
255.308049414
231.087211335
737.444391372
718.753642373
217.798821806
557.317443842
640.067947365
272.194093838
325.530395512
241.298999677
777.514847235
579.377221251
208.774084787
617.411774766
654.782280527
259.529816205
278.596552197
174.862191669
395.856096226
614.651026622
89.5454508403
505.167464585
651.217134511
538.348420299
483.164721052
131.332537228
822.241529234
738.919933958
379.87218558
574.916427988
410.403674476
169.414957774
560.22069029
145.701867436
516.049699728
642.521701123
226.897216474
633.905506616
342.747559756
160.046366359
519.439352085
404.127540302
267.755308307
97.8744261396
872.530321573
195.836539414
742.152022149
212.923953449
607.030435963
651.500651819
358.101931455
666.447505927
115.257579566
199.174596893
790.370509234
328.701252043
702.267479831
164.31100421
622.771857105
631.925440169
750.072003624
557.043332982
881.917922535
584.892650108
283.430279661
197.446128247
301.782129393
574.109177442
432.052202921
87.9747769502
437.612706354
630.346988257
127.64558602
130.792226692
738.911547143
619.212957463
147.746270874
565.855961664
358.710633846
319.101433058
764.550023569
481.800947397
641.691118165
530.605406436
833.103709339
124.255007774
719.520730883
733.258095228
175.98348003
462.855169395
430.189268621
416.844744577
690.413352271
588.356777456
405.04295663
