1500
3000
647.529453885
756.1408565
705.650432013
491.283074437
808.17556218
479.227223797
536.277606263
845.427677771
738.853899488
272.169236432
872.143967007
739.536924141
111.312162929
396.322336438
365.972168533
359.321613399
156.212876708
334.164526747
319.696799072
467.245314637
199.275535411
263.506098624
617.961915208
720.648377783
145.749903
729.767743688
253.435035058
546.951114846
637.933284056
764.879333656
336.713701445
731.928938945
725.850942541
895.933073379
187.523767556
895.82991328
399.419621585
448.490614269
570.452381193
246.025057307
761.004981908
132.566500314
828.893112916
648.066688183
502.223452162
87.4282702028
335.241554814
883.676305446
264.341533726
715.800297818
96.7564029207
699.180396251
299.448442994
683.334293965
91.3110946252
805.273522221
621.299296689
683.935343934
513.390264741
165.706717284
289.171185955
114.09415177
103.647461937
301.989455284
95.6343647785
401.372000087
801.381220557
397.606244517
596.888020319
365.229815364
822.66464817
472.873912005
620.466238271
501.626735459
220.944349032
400.518875435
447.84082514
414.72876815
532.511660582
285.650608754
459.996523817
711.278452388
858.691343463
106.461010918
77.4853620036
778.187897475
708.080437296
551.182158189
859.653702006
399.779371539
265.628809334
806.288335175
262.670537411
789.306279913
124.372168767
521.343087078
677.474936255
478.78170442
327.825058988
102.716848036
283.260592144
466.160980087
568.282038706
535.979505018
877.91263575
279.736423401
474.433477031
814.247126098
528.002772127
462.06433673
738.033988898
109.529459419
669.90922091
855.569424437
205.688595676
827.22752959
769.960066844
425.695945823
361.065009312
808.737735018
159.95432209
505.700716436
262.81209207
714.062950641
592.451663732
135.232713063
491.134861278
215.582128625
263.307195395
313.396588677
110.635079461
477.31536444
165.221887481
433.802859441
632.335709727
723.691743759
98.9376311074
295.147175856
727.838104004
235.388938883
185.954464541
498.991659806
288.403202043
746.249294763
289.036404421
555.872979825
733.845761534
452.106088578
342.787780848
284.790900768
823.132137428
725.987192699
681.50571443
855.627956019
656.425941639
557.629701233
417.284221559
238.277196805
336.201616853
657.700544363
566.08240462
673.511326282
442.717442019
798.047677809
781.954111094
643.568785356
496.737912437
789.775714374
541.446936723
803.695611048
358.708687943
195.842896226
612.25001741
436.987665765
442.454862753
192.988451327
169.013712344
671.299540323
642.791156267
162.905491318
606.476984981
266.611268216
717.206520332
152.689532456
688.394095421
396.715107583
748.262245713
872.096055615
436.092712089
512.488300392
664.438811884
193.552199023
323.677707949
887.707637942
369.779585313
848.078866587
112.558596638
338.806798612
637.583513269
470.361390943
652.320704682
289.460475589
874.328300982
168.351441098
550.991277914
747.645065727
533.42984598
467.548209238
865.150572595
563.625023956
825.059657248
243.50075041
313.210898888
160.829826194
342.636215621
837.591289406
670.374251073
886.323870867
572.571838194
484.380365649
742.287259015
678.882150191
791.282040669
225.514999212
294.389508103
602.43215398
634.140090116
485.570367576
90.6712836091
747.129675994
240.233560177
305.237222727
621.783760738
306.491325235
808.190559362
249.994297258
562.527297792
716.614709049
423.044384093
867.772230746
563.720053323
217.265737531
552.695141822
520.858898377
816.638950828
380.058627791
300.651571662
391.678168477
232.179355646
346.948102766
439.881251293
474.893875114
109.943543748
771.056617205
740.831815652
742.662419026
528.153976327
361.997348867
594.558875917
513.174817646
124.406995629
856.044573421
673.73143396
653.921712057
356.015539154
84.1451802798
435.524753951
260.116639799
189.385701692
772.262002798
78.1258389081
797.521887347
149.03478758
253.091436635
456.846421764
785.547697796
722.544757798
445.869119486
205.276842551
376.019748338
864.120234563
642.527108986
340.665976185
456.484330693
374.212173636
850.82459134
587.2144607
798.93472892
436.989825658
615.233948436
142.182303794
75.9846822967
222.717886609
738.715727836
547.770726095
845.890292045
158.813463281
294.686874488
283.411079803
506.067654869
818.240957996
262.58506036
96.8930538684
871.08930032
524.209962998
365.266969067
284.752208658
745.705257474
553.255108972
337.916735563
211.449063028
576.013714108
103.401501814
298.807396888
240.773306655
353.369163408
231.598549601
843.06150948
461.355986644
540.882286598
408.529914076
725.176063358
801.675580079
452.416361173
501.035736793
435.551376867
187.510945243
552.613728262
518.162752719
594.661744705
438.921371052
470.700190691
193.252113573
434.111062324
722.853693408
294.431765081
675.029896314
883.035291517
413.682875577
112.782318873
214.999945239
838.311677665
163.942749518
417.825865878
237.178646116
271.121613929
281.905908759
240.451836093
415.476935608
244.273872251
129.865397262
360.131598086
368.052003599
248.704371361
242.027133972
236.53483042
529.346393838
667.963747059
672.391134784
377.695811623
720.693504346
720.659186546
278.20645342
845.970184901
526.678565965
271.052570277
838.437268997
893.855747758
469.55472211
392.811822411
809.6066429
518.098483767
86.6310222298
803.708661422
604.038133303
207.214176974
359.474248286
780.496087704
471.919460614
764.197790272
286.463350785
483.063267763
284.032623095
726.933095018
465.60737123
301.477431564
738.242470638
466.636491834
456.791431308
392.813762645
567.795471765
617.458870055
622.419717623
106.31076863
484.830714195
641.74461951
78.5869047352
698.155223026
679.043329218
210.933326669
520.563672372
728.690207077
122.439721719
742.397547048
474.015474531
569.566979072
738.3976418
186.242422903
843.677513758
416.593918188
196.55755982
529.969158378
775.997275904
835.026039726
172.589618299
163.849043568
679.830985729
141.354072219
419.939436097
843.791858623
215.797488783
866.635418444
248.916757204
842.673107636
809.760159743
383.923740383
624.989088237
898.717524127
396.184058803
663.597500995
315.714942936
572.310292816
108.466819619
289.868079175
682.393517653
149.207127077
394.62443041
182.464622326
731.512454022
319.910802686
421.102535942
601.52537994
337.884936932
715.254271105
849.340131856
752.334177009
706.13139474
741.816479569
387.371481723
856.099137471
245.888421026
462.970700993
186.672290045
352.421712697
757.289314824
90.6378022325
765.640648014
848.256446042
739.415138556
768.124000043
75.1347422515
536.593194224
165.233429341
281.644302189
555.637625724
520.565965348
259.129725259
284.602738132
706.763994028
91.1144477702
752.978468701
705.698213791
817.623685353
299.20621675
98.5057930753
533.46547327
698.231351824
154.006055069
728.965317412
461.795640636
228.292685621
809.775633763
689.206737466
746.272385656
116.42295556
461.809643082
466.300901686
228.864221815
409.979107969
187.983035314
302.215278746
299.886068308
434.392733315
533.587828973
698.002003951
847.697679319
461.323859351
103.747500835
584.723824361
496.75141156
97.51530978
735.863475265
483.643941086
463.459433925
297.067154554
273.597062014
349.694827828
894.743981692
898.133695879
459.154770343
283.176699692
245.463428478
377.596930324
769.962770524
267.8711302
296.533732998
145.373999435
84.7798125228
506.505719953
331.779735447
844.269570013
145.269442651
799.4516551
92.3559387659
667.986319129
469.38060981
513.374984389
279.429040871
164.517534948
395.077378378
713.065193712
393.32751934
772.479508285
232.061466867
720.912222213
809.031908125
823.072937668
369.704375595
897.145974439
501.345114951
386.698271686
380.078576091
422.141721165
606.067195404
414.012940328
795.885544788
389.667054538
86.2355683226
576.232929223
863.956563791
566.278821502
607.839375307
865.2461709
184.68569971
783.631911236
772.504670988
683.719388983
123.359488534
691.438822165
605.892343172
467.237628709
618.131916604
882.270784249
537.509627604
77.6693280982
547.340137505
760.92924619
239.971400778
352.948202148
813.903372259
168.951483402
304.771091642
632.342047649
217.98622314
789.346670291
442.439283502
700.428770253
181.730669401
249.723937443
412.903548218
810.596683739
462.697371488
898.693027043
760.196603466
555.398313744
355.959049125
470.667260113
270.903942417
90.7603160743
755.365505026
692.950908662
562.368094473
660.042381714
424.84166084
321.784147075
884.047110132
253.338230003
768.252672136
386.045983189
514.516803543
629.782748839
846.369124818
625.671646875
462.133383727
96.592982777
85.1068620406
542.504027617
145.109706062
649.780567354
243.685861778
761.215875773
117.027257964
339.018758159
489.098837108
509.722270562
830.362026965
230.440397007
426.767629969
734.104569936
269.528480551
891.123937503
493.400832246
755.03659616
700.381658517
230.419103237
692.707206606
205.572057669
780.605185121
846.891018328
504.126134087
500.634325102
745.741957584
87.0375911963
823.086364634
343.400300374
864.360237857
160.093635336
747.985426965
421.205494714
834.471040149
385.272742932
534.819939816
873.376482753
896.226673168
182.20098555
592.260961364
795.837811132
741.601881971
651.135799116
741.916716934
634.741253099
574.399333313
325.954527637
584.279224551
249.855389061
268.322337674
594.143392509
90.2122238329
659.332648112
111.615075644
539.854915692
238.559411782
762.958907311
472.038628374
390.298021223
469.428042419
146.270790377
670.93381809
236.640969281
822.538688703
807.593991621
242.903920966
575.221614821
430.038956887
257.104313231
670.373942058
287.501751283
377.45775802
320.20148831
189.344896232
798.266553049
102.065271356
678.523274182
658.059812223
673.87175918
140.218030829
223.310367792
700.224952004
791.331297649
869.710793077
803.436645529
366.832245044
365.22174508
487.604861801
387.472578358
826.737791434
281.679339235
210.417652971
762.394121626
334.967874264
366.23737915
92.3599287045
447.493129993
156.404281024
798.702490251
330.785569831
605.834394009
648.633446915
385.235612708
127.854633262
826.246552726
429.629211309
275.941686751
647.488768799
623.353340203
693.181785647
278.658980965
291.065074144
570.87166536
744.78041688
81.0925406734
886.384893217
864.522637468
742.303248938
369.307033005
543.794881231
467.015362129
641.657594801
188.078562947
296.628974247
542.76097912
846.294854566
156.707002343
638.256946829
124.488432855
621.541033817
569.943527642
323.109807221
385.151808229
586.38294943
283.220336611
873.103083397
513.934707038
456.704091845
550.873341727
437.938713528
755.757602749
782.476862847
292.270185531
610.418274193
662.243320164
641.593259239
592.631966402
852.453791182
128.704364862
318.39996401
254.737107878
82.68749296
594.726686983
583.152493311
406.756869883
644.116690006
867.579887988
440.379387944
507.82759008
201.135293838
246.234424098
184.371812136
664.158740434
713.567127134
779.684192735
739.177572805
764.263760968
561.616437049
737.398585443
571.951817966
427.070548381
891.624723156
540.966972912
341.354331702
242.574681909
791.783408545
806.421801307
478.773346093
645.98552611
755.434244637
225.6203155
453.313205884
897.953728679
201.158805789
464.671447033
142.132134061
848.584897676
415.580491021
533.627862611
546.496881498
529.880918503
309.024993253
869.730661989
665.337329786
776.516189438
701.995863719
186.286848698
581.738200972
429.444431471
858.801591281
626.771268513
562.356169192
504.145257502
104.300023663
737.650782759
118.46812175
264.233443063
564.489111798
491.69283605
831.326787658
561.652525899
847.275514885
543.159854003
899.077494692
808.357521483
817.300711458
894.263540412
341.806462216
182.851058928
870.036013136
892.519547536
708.864256059
256.611186034
616.981654822
808.268052627
726.336775057
525.173229376
229.816380155
118.62612398
270.048769115
164.940524103
565.974481125
803.468130102
325.307182769
98.3742330685
375.739895938
601.692447309
776.023646342
464.783054662
524.19675897
131.766874304
77.1580839826
630.383003845
348.116257261
245.73274644
519.026247665
82.6196914102
475.301240342
727.497880801
697.060189304
723.952687386
593.997528148
819.770398162
539.369518879
322.472048614
675.292345599
168.848721398
890.003562669
187.052185144
143.293462868
120.554971782
697.24559048
132.060837355
560.652130654
414.346878051
368.811180779
881.728244861
585.212415285
110.574181294
493.720451868
144.04626283
371.828274512
548.750459733
859.87169242
864.134974985
858.818502491
739.988581543
358.643364938
613.326572023
457.733797722
656.993481585
541.783873705
530.88866138
755.412310874
83.3967188721
475.725476033
849.982424243
776.527989314
526.418873043
302.682274364
238.308646688
509.77588881
389.025464658
97.2344583652
522.87215289
245.804049572
705.951560816
480.068226876
511.567303087
841.396968743
891.766837702
895.514288655
526.092266379
108.196535263
779.337849562
369.189085556
280.761712968
776.829589109
715.141662775
578.928147126
406.778253571
577.297533785
114.761526239
469.778303707
307.763005639
413.41352268
624.174204939
892.083926864
488.424423871
527.203505608
162.938925083
346.709582273
522.507466401
461.620703441
192.542673499
119.457642966
743.981669952
592.795063831
493.187749749
634.832527848
736.714142101
476.302029772
116.259547871
389.926048795
328.413144808
796.957862342
118.339177874
345.647150546
300.773895833
807.33055128
386.676154111
392.938163077
874.992639706
637.668106005
304.750063545
565.641327856
328.660867336
671.829684222
545.717336554
519.619150479
168.58712512
289.713224726
574.823879818
642.958702667
606.39932348
846.864856932
412.124495629
239.175084346
684.631511048
547.797186864
141.107386786
442.113426013
811.727450504
114.852368237
401.425983001
726.814369803
159.816361869
132.558209699
800.86452327
244.629899247
816.546739949
511.339151791
770.274013749
821.267698859
846.020301693
563.573280714
823.593138355
825.033542701
667.624613872
665.916922017
317.408214414
234.867429833
725.896384924
668.635249865
812.884937371
373.135501266
142.614698176
354.771962353
855.933692302
849.871206487
832.912976965
749.797307365
830.91151946
289.495019044
698.810756874
683.950566985
789.047535876
669.801153801
331.88052567
758.414869905
552.126658003
727.065221631
268.016339316
295.980877666
344.99041689
719.976456663
684.640258777
448.962320389
801.58434241
683.683305465
206.247504409
175.628765102
229.157833045
219.099632476
647.700123516
476.236870497
772.498391455
172.089325854
112.848421174
832.782247809
245.452401111
89.6589930754
458.174775818
482.155706971
270.528208992
156.882718727
781.439621351
114.668062111
546.175486169
652.282091624
728.135780691
697.029322266
477.781401286
782.952913048
310.473830589
475.433473779
651.801479936
665.92048674
531.239526514
336.840788755
750.416830963
140.040502806
372.068379951
847.685202841
193.025774256
538.587698627
614.531562317
613.132176607
292.426729208
105.179538455
265.720735784
494.960868591
77.6064900383
633.730994866
419.03468169
721.608511556
108.953166425
855.861256702
484.743886408
894.27920287
506.636133195
677.257326817
270.309844997
833.089146608
100.371543267
438.658877109
206.544146617
610.494872106
728.853381755
318.399669114
381.339370424
840.396180178
853.180217926
648.088931646
543.056163219
709.069676307
895.910835361
714.3933299
146.897732438
866.126893306
248.998907121
721.59036342
339.604418504
485.264549024
581.767534975
191.99196648
671.391465127
698.075067456
691.757286188
580.880732336
789.74090448
155.65081308
490.663026604
797.32075811
896.645472232
289.265648833
773.682379593
503.480533766
259.67273565
618.546393163
848.901638685
135.82083832
115.894186974
387.15233366
647.178437786
111.366357339
272.544315347
825.613628068
771.539137886
291.680590512
839.412293403
92.6551789638
849.551826053
666.399276039
656.596015301
338.867296626
829.092324418
669.876980733
510.169115223
369.335851267
605.852712517
847.054514354
85.7924572174
450.923247821
869.240210636
759.835915156
566.139445278
729.906212537
566.948581223
338.159083633
770.941346028
766.718087799
220.972692707
782.235211047
371.09023303
221.150706218
640.074244362
216.618200778
173.683541555
234.880215095
692.2487371
754.458655398
276.640962161
249.403752103
448.907263592
860.134294142
125.873500992
81.3965862925
851.645160698
375.825379553
135.19976034
881.974539625
485.333676506
654.877616577
259.471697203
883.229189174
148.386366841
724.938321772
645.720255366
485.455798843
494.762193539
553.598564046
773.385520865
726.868918597
115.454771193
159.428478446
289.801184691
402.425366637
857.938707253
391.130173593
599.080481529
172.823510719
720.988723164
85.6772240158
407.876338006
233.091076679
585.099624832
842.334994103
413.149998118
650.182883611
601.44476346
684.050677845
501.809642552
500.158893718
683.533714964
392.261282104
619.156827429
824.875776707
297.487103529
393.272460734
108.033257733
596.380079584
378.63663471
861.005248703
149.222661656
251.222343896
390.620586134
582.926430941
539.771699741
648.73962707
604.956625921
86.3008157415
257.549264537
394.482260665
454.819913974
440.783463074
818.85665075
136.485089717
473.463337082
552.566185539
574.521283075
743.78546127
408.669112889
668.24502948
385.921851888
482.142851335
298.113564385
102.730196112
99.7944094703
472.808013893
129.259969617
587.894743434
656.890622164
871.168767558
126.538951853
839.765584256
710.00799973
891.342800828
614.855846213
595.420745262
735.408919645
280.430179921
191.556411482
435.047097759
284.731280131
824.024141843
540.324007949
521.774215824
178.141096125
360.19206315
494.501848605
477.678624874
168.048202635
593.870642113
363.534624836
132.602854757
585.480636474
798.601919007
692.891397115
89.9954027469
206.782679584
123.844300984
416.884232408
422.068525288
622.933883538
678.006795997
890.511629995
550.091367454
534.894408515
342.057259013
607.277988772
840.539799591
289.725354498
792.044592191
419.020474711
217.260862742
843.249415766
624.729147336
825.068274826
574.994153213
472.73231503
834.991013351
182.073776392
855.191367389
687.4019356
895.544292029
434.701161253
606.979791428
490.808023371
668.743523304
616.133996686
421.837525059
872.262194662
687.794788405
825.105410195
478.94051339
266.031190414
303.048352358
277.080502788
728.366079697
257.242669448
802.532999575
151.978098606
142.457697309
669.389609743
624.167686688
809.862618282
560.195773042
212.916224033
539.569491937
776.675869277
754.295193458
115.185250797
800.88390066
859.361951869
521.704683138
414.835077268
671.804272069
84.4839319001
323.316877559
695.22081828
592.404773272
312.382698909
564.903005298
186.195957121
82.0993703583
604.405844447
782.915415174
700.860500675
656.077423786
332.680102046
661.882504513
840.785455337
181.521518473
446.909548077
256.585913271
716.597963735
860.888050199
824.068886961
335.862970258
520.893976797
570.912445177
369.409686823
791.601082704
507.866059558
736.183981765
679.352853488
277.571590544
580.935340241
248.709050206
635.322978053
97.4821260581
532.046901897
219.403707861
391.19512618
138.890131593
674.222635704
626.134485228
292.01549206
122.247233257
211.166671932
882.297958807
654.515664793
878.275095727
536.930723947
610.13795824
822.431142253
113.712215349
680.534170031
637.053935658
166.531578053
574.96214929
883.55413023
289.048127942
418.45614542
669.511481006
398.082940941
533.687171683
616.659860659
84.0706692458
495.985948697
525.362301197
776.991185967
87.5463227199
381.744812113
511.317217659
518.115040822
610.311833425
487.673364728
379.998726421
756.593471059
197.880229048
359.633550331
155.297752641
537.718823517
578.925695487
376.297565456
371.80256741
619.580092007
244.7011242
249.661632983
403.628634435
163.023944187
640.750685484
308.59367401
347.694581475
664.142927698
336.444152518
155.946144364
777.981001917
187.469172143
654.538810426
420.593055012
251.195120714
597.687106973
414.855095185
534.837247365
627.916292377
669.421220677
788.413503902
206.516444279
496.924602126
431.625941285
163.889914095
814.616010102
868.808243615
325.252863025
338.293377943
460.107694913
239.977267124
899.456114795
416.658500915
492.716352982
845.866741122
422.063349293
402.397941314
783.110913946
481.115762393
208.629360215
711.505547128
427.069886748
172.222623074
674.605316192
347.205821362
526.862882597
235.585157635
356.723439496
439.616397634
137.149105543
220.973375748
251.915849352
308.085446843
76.9486986274
777.855025162
446.856978588
381.904468947
243.591919244
500.446854375
818.617858016
88.7083213192
236.35666146
690.786984325
778.239158612
270.328126242
139.098719145
268.941976346
576.561176815
397.644183982
118.883321454
438.731826619
153.428418333
508.612952049
852.751736829
584.04711533
343.144898973
460.047824823
669.915683806
223.754260826
785.015955591
688.461550694
778.393671434
277.750886463
731.622855351
582.701212253
473.887787162
890.025411232
297.82895539
166.922625823
390.995185847
532.85086712
633.839296965
598.420570261
256.195744462
590.847599425
731.908871854
874.004980987
342.476117519
232.775722624
192.953171913
591.808515148
136.950055773
294.761325912
181.965775614
301.684371761
548.049253966
598.715555476
669.562036035
170.802416196
321.6572735
666.572100905
682.973155975
872.392944356
397.967362735
341.473875305
407.641909184
884.59030418
876.438863493
813.574767436
731.33851792
528.663605803
164.446776398
403.608452065
379.046120902
479.688782739
690.021725649
524.172654084
740.001520731
420.741236263
715.057737712
95.7013655006
874.142368378
522.829226306
325.512486499
227.385551504
664.609634993
92.206746119
713.55571814
880.62777429
705.12321656
175.393198628
587.978964881
603.534982527
144.075332125
532.723799729
654.780881458
191.646457581
778.974476341
805.659017332
138.469945643
104.237202631
849.270202539
89.1175016072
298.006700735
541.539609881
855.653789777
228.664951647
225.310952872
377.239932717
201.782920895
847.319233366
85.0342185287
678.415311431
830.057992067
805.641130168
438.898195914
297.818970246
318.193609972
424.228784814
264.156054104
661.663675892
331.013562631
388.38797441
647.559398071
782.299639635
733.670212978
673.646446143
706.499009948
811.091315713
690.198347176
231.069769933
647.098165706
624.576203398
823.526624278
633.237755941
292.082232455
608.585253026
246.28085121
511.454620363
79.5947284811
504.083439131
124.840066715
265.579321396
594.825773878
560.586934448
194.258611642
829.092492027
834.817303997
650.40739397
593.39627779
693.985252654
248.732466941
227.468479645
858.847785587
176.589921408
502.002940925
368.128696395
798.125442277
657.044323135
165.476795693
777.323603081
663.092743151
483.404061596
782.466727584
326.997130958
428.591519045
801.713890354
281.300014081
862.112846939
492.043306683
520.033792781
351.697229462
372.052712261
806.810899046
736.488653724
748.669088887
543.020097872
678.306302621
719.93728248
889.755737129
461.928277906
777.752430828
333.78145467
465.91133396
92.6717500453
665.221486713
549.50752624
100.774120862
497.185737808
716.528692784
553.490926268
792.976485238
489.516086416
871.636559252
885.216419535
537.673965953
321.155512839
313.093445993
846.320814922
439.044913842
732.469131397
420.615429483
873.509101975
371.007231496
774.619053747
340.695334597
618.154870039
688.472524032
284.418654211
288.484051207
350.113084177
543.094203027
273.854299289
631.986896776
597.503110591
679.248264794
410.280188296
745.428464812
887.791571582
243.162897475
144.717084752
423.02842832
811.122755973
373.631539449
310.976191828
256.583178856
226.737323814
876.615579055
445.928533974
753.039326191
565.160416911
401.632188528
520.78641695
746.547096471
164.634644464
353.012420125
169.314316194
857.168409284
265.477576604
823.831813899
195.059023182
148.644021304
529.984651533
535.018858167
302.136659837
718.352550796
167.031763428
341.706426693
778.294726316
288.082478647
661.295182751
652.600400353
748.371914766
687.03989651
630.379914229
564.441979668
588.740178604
577.123941941
663.030279094
683.362028417
414.093142027
395.614899827
458.812975868
717.169769816
649.0262032
852.756554609
698.220922227
156.150993427
516.935120552
740.081694822
361.591693542
671.223647788
369.195394341
861.38027682
91.3609560623
499.412677493
131.713746713
337.718147202
778.960641701
702.574769631
181.214297158
312.341546531
793.756284563
777.670466199
190.515326835
340.922811534
317.601522085
291.344305415
683.194497964
633.68151936
580.085692843
853.376078273
379.138655459
261.03550197
780.954328352
173.23665481
691.296360222
717.679913426
365.328886155
373.204873891
81.4158676699
550.563968818
749.537690167
374.409486348
263.167157908
375.825701073
84.2565883618
881.583775965
738.673081485
626.475425343
611.698977509
259.511841041
478.702029202
318.491930996
340.551997771
266.190531945
565.788913247
818.581762431
676.451897252
156.133812091
592.108578231
599.243195205
885.872179173
347.821593977
204.448997083
216.023318709
762.353676995
585.177113896
134.440138422
700.113642763
234.002561425
488.891337474
418.535903458
300.085240578
393.961271199
298.369943207
613.662609722
544.720834205
884.144945916
712.138273593
428.016008675
436.271749291
750.139218954
664.565289894
798.278286612
803.101839823
123.199543615
774.534299988
667.232368898
250.14017681
217.908204808
671.683442797
196.304410559
534.564662133
343.881819232
616.75447459
372.8697544
105.156053618
123.069715964
311.407473593
878.434624083
786.550152345
166.396999978
557.727859737
532.401055781
443.549782765
370.103770498
822.365238318
594.974663368
261.39732965
841.673421771
571.790638101
243.886601184
300.954864999
383.231771896
103.202375655
106.902432081
739.580325003
889.373171602
852.908834806
348.583259874
259.608604729
82.7286480976
607.485105751
204.352992853
280.1599333
768.087962015
321.794185337
183.855004996
179.311477261
433.760822289
804.984872466
503.996036921
856.161844117
222.676350988
164.844802385
154.067116005
353.720817794
571.523860179
273.127216769
839.18077715
522.206324584
205.840902403
220.811443021
202.415100396
478.378764492
356.0313023
565.79912704
313.756923611
245.637130576
421.911827333
741.925779147
842.935682981
401.465934263
433.984973479
651.369176532
594.679042158
841.411610055
559.873560927
664.23696461
297.270420633
387.454797946
208.435178588
853.890807683
818.627191445
730.193415431
218.423009312
474.194214542
338.563405075
142.797589013
322.311823315
158.159544758
312.5557729
899.769210631
261.519268304
734.845447178
859.355819466
226.393107867
668.376699975
164.568317924
200.945816555
769.09735056
481.144247176
447.525310067
482.435481676
411.858667328
831.399188303
462.020035687
223.739466691
242.170159879
546.368170879
740.252997818
133.280914936
428.666921486
342.360139785
858.576926685
752.965582364
146.976848139
164.345642685
321.187163402
325.73269618
229.955418039
87.173753066
392.228688775
142.722987866
152.534996276
196.647575496
419.99788073
482.612141405
827.808043052
84.4979658254
471.435229365
168.58038449
656.627560874
373.26094175
128.456456857
515.481098636
673.54766636
845.957948991
803.370106288
482.951273253
878.958220128
310.739724428
674.928125069
264.513504869
476.824798398
80.9916480242
292.412682964
137.075810645
586.732692541
829.282019935
885.415438904
531.019366727
590.471810514
884.480790388
515.107379817
475.154469023
780.794814081
818.827633404
872.581084923
147.439938845
649.23758909
670.396975375
508.466570737
409.37819921
377.950583744
800.966823058
472.964629928
700.768100064
403.814883242
835.997590984
794.050807904
531.555117258
91.9118361504
172.019180225
754.69606775
326.299826283
810.67331773
278.022300168
738.499752395
264.861797879
383.083052294
267.118192941
216.814426988
674.424288261
368.216525939
629.463244737
853.318920228
453.850193636
524.811017702
241.428337543
830.965562749
572.414173061
674.910103746
178.245097555
342.812088889
137.255012483
736.542300208
670.073329235
338.478749875
858.250899886
278.365148974
618.877152912
191.080659438
587.827442614
372.33691768
375.39920532
82.2371906298
863.648006156
603.793054533
320.774027807
100.295619787
723.507787519
261.865297794
360.334560292
609.517251222
654.234752496
832.451113726
317.035055307
402.144505186
82.0688810555
270.70645635
667.707440816
468.096893728
186.991835485
268.4784767
804.102224373
544.594980726
247.756608885
533.074671891
641.803107365
145.991228591
798.879120939
99.1279458124
692.140371641
163.626181152
175.465536434
425.233521288
233.705498539
868.636004359
468.353990262
516.493872995
218.609745259
115.401210825
89.8460073
441.681717626
869.240085618
803.418654561
894.611584895
347.195190568
115.637041665
702.622511559
167.559680049
741.256690082
788.124572354
249.713779553
505.585978732
192.492091134
887.041537078
405.245414228
371.243588839
563.900255179
161.813547819
405.754767508
793.043247011
513.082561764
490.820182213
872.139472745
583.702780985
802.426290689
423.469025371
584.448923957
729.88974301
220.538999385
761.333210583
235.364048975
443.683142804
207.451007498
362.508036042
575.14097257
396.170120775
762.960167353
367.930897791
847.857736568
623.095940089
634.484057311
443.660833168
895.687767312
286.963483338
184.237024588
479.988776982
99.3566050919
366.560898917
869.296594337
431.471039963
318.445833295
459.157960246
543.652913197
578.502298089
455.33089985
423.791154033
577.600041223
510.844453637
303.78698337
510.59859009
316.414065979
336.920586923
242.563572151
828.884351955
287.79052181
328.730054285
703.608249234
649.697582677
611.174718902
664.835357464
512.33877086
326.305614728
199.174951581
286.988080554
397.116789676
561.983870906
797.921393184
460.203146587
680.39909811
506.377672975
155.409220608
891.100336201
750.67253143
743.996033382
847.951994342
464.988144392
722.235276129
125.978594016
845.756230977
418.137053315
298.928069329
673.478654853
461.336438811
669.585797351
337.039883675
528.596968752
127.352279149
194.369671982
344.158531723
853.793619752
669.660819048
297.509862443
193.726215697
873.871728668
878.015066972
442.334925305
399.94464731
232.878983895
510.816847337
354.072174529
370.773774578
401.331010254
547.122314261
573.974956216
597.465429571
528.268814428
622.762026199
222.512708133
549.76070362
75.2156886643
154.643958545
371.016710208
169.383967052
882.401101262
558.289537289
393.210558243
484.581238183
752.120629362
749.717861546
720.134180938
706.214194454
218.513872196
846.125099993
546.278589891
709.070609457
599.164177121
107.527407023
496.896672167
634.304003786
667.619292061
395.25935652
570.281378716
458.846553886
753.54254589
696.668888912
779.679424749
755.849235319
364.148404963
399.989650692
120.829106013
774.019741502
212.151239707
848.513352475
460.810745628
791.325479598
598.250095406
162.547154669
114.191853451
390.328453377
856.095394639
665.501526592
235.481987056
488.549003192
233.051777176
432.069254232
79.2531965492
317.365526948
566.891342078
482.9385788
185.283929321
304.906492762
160.542888964
835.616251588
876.605306311
783.254297874
850.104375694
475.791879361
350.121567082
560.716168631
439.87057478
561.692623996
430.794867551
195.913420523
373.169903069
347.058415282
283.568759292
775.91155012
364.115990372
369.802114079
697.09702398
495.720047636
504.118600133
336.41443673
808.50178029
607.275208151
100.374928374
76.7441991614
550.156620893
768.665825027
627.987073055
98.3239215508
573.595714494
396.838745725
99.8140602856
465.51487613
326.362343314
663.870682094
835.986382207
855.654713075
349.968082176
313.641297448
862.28588085
606.671965575
437.677067538
693.978470332
129.980137703
467.494807852
850.084275391
589.32421842
844.594428029
861.997199281
603.9159427
689.741889991
659.907336651
769.106036424
899.29787668
359.830973277
718.787517049
390.754209868
720.205933433
77.9209213348
235.775869598
764.101080153
444.017599361
411.674731106
879.448007744
246.239903769
283.7989402
292.444076941
607.25569522
691.438835743
351.707647103
259.961149214
242.898275268
655.075695545
503.601386871
809.302449581
848.167445671
162.339556486
357.33346637
650.6045823
728.2217737
169.984774058
654.123992171
777.667707065
878.44486873
353.794867282
214.444405707
848.484208619
498.339730283
696.839418308
108.786616113
446.152755407
127.121681612
849.289543666
674.592733122
747.173742174
172.042583396
243.128884451
160.336859901
761.528339244
524.033885232
233.297947712
747.076162302
582.547227985
82.6587136227
516.935108601
194.408130128
731.829063587
867.875742403
732.776854798
439.229338677
307.784577356
689.231090429
837.616079882
889.241093274
557.333138458
644.149089046
281.998161269
260.230522214
169.720290626
173.7429388
666.56542705
781.822961247
504.687647873
275.518348028
861.220715969
643.14171444
653.01368435
78.5949254546
273.672331363
420.257095624
744.76578472
415.718962466
189.020767919
566.737954614
321.599178871
596.357988406
754.726597183
559.464678096
519.291195467
626.236449668
860.113170412
133.020319569
401.370366287
435.699107766
79.5206139207
301.325677563
730.894580206
174.787289957
552.232661659
247.485121309
544.735513719
755.337248395
562.045385523
86.8797419178
837.251863366
757.872582319
349.363269775
879.850670335
855.759562851
673.043092088
570.95045585
353.652460717
321.892647949
682.238984988
770.495336823
685.036861763
783.099503833
395.337417295
235.377751133
413.907787968
883.801309381
263.034135259
678.239665651
819.094120494
283.897960102
799.603313072
323.966133382
884.13587315
705.567423708
426.747326467
346.072455022
156.935739694
351.990887374
632.906292741
592.692729005
559.939306779
810.228214186
653.966244952
476.852733768
881.741865499
509.609612972
118.674155536
578.033460172
809.265983351
261.428954431
825.317806893
780.655232702
557.027212469
317.924600359
271.116151301
410.424816622
399.424669634
822.625479488
163.301875541
501.813759683
267.640867174
280.671647855
234.821846581
531.861401722
849.356649528
374.51954815
161.479331948
846.197352813
793.448749136
359.117564606
170.812547685
300.43503276
552.898155638
852.861983243
624.096271978
410.204498091
244.885284241
259.620086616
157.055454922
807.709701156
292.73401756
616.047827351
801.52908874
248.815004058
725.639249935
674.411489361
112.888367827
372.383937291
892.729999836
524.449011762
422.778881327
866.755380254
689.219030662
151.989571947
652.697316983
866.807487607
671.45493277
583.743495264
568.834639556
898.01741388
887.621342915
253.535292866
480.495079732
624.987604377
441.482930901
895.040803547
786.416230753
773.238285726
775.93872463
845.657536897
591.914656657
478.698408603
624.853083401
135.275891305
555.372363996
785.742106652
565.693322754
538.701558044
610.209084567
782.13402716
669.958144069
504.723871199
772.432768928
218.125776343
321.473404743
601.358586989
444.404117133
607.708477518
445.29030916
404.867167487
706.738216656
640.387293874
816.931623495
200.413805297
161.644997834
636.025733045
124.486752721
857.135207734
760.711268535
593.999329901
403.215415838
269.083670291
231.356935371
505.030298125
319.674409237
356.578227883
662.428731741
791.777426161
295.798156711
440.87999597
658.953363082
866.006589863
547.393906243
253.804419711
739.982883413
757.148177412
431.984299714
789.54919178
409.325723595
717.171011151
863.687929631
75.2343322297
221.575683993
370.132364222
123.569456211
699.96882953
579.898567392
725.975158956
336.6978006
661.929014223
241.47558538
141.61685741
459.070752371
620.270909272
816.908336882
123.003943859
86.0205840763
221.460355418
400.134717854
544.047618533
614.440839705
873.082806769
493.278102716
184.600781867
820.868602095
571.530261714
299.260335524
277.004262348
128.062989043
738.95867822
105.213653304
331.9115768
166.86969073
847.996394477
431.898664053
211.968247598
264.592944823
204.806367125
748.680784866
368.293365241
128.777399013
333.244831648
589.669800261
608.754930104
645.578879286
486.794014971
453.749293797
175.24973828
891.209733001
220.048298064
134.190988165
193.51645315
443.159320345
306.754273428
164.348535391
287.215105223
776.3470749
594.579847035
308.10236633
551.986068459
527.956846394
467.384373997
156.596279799
142.975878414
849.650526648
327.406647022
240.579465766
875.294165163
770.826012379
137.183318983
242.191370436
357.658058847
773.467560632
600.673659088
832.950465126
754.330695483
665.485608044
160.673843046
615.464967565
852.826097298
369.454350038
840.916244663
719.712015066
653.581315484
781.352366505
428.53332175
505.868635944
135.052884902
108.940399076
261.233529755
164.000050455
557.78538567
795.029977215
586.981838406
895.152738182
500.6945731
97.4276272312
343.24629081
841.654056755
838.930785606
85.5088619808
358.95014551
426.542507928
525.191646152
881.794848485
338.532818942
319.73983309
714.5061787
507.248537003
364.800698381
89.8031623691
745.882034447
677.706557468
265.189200855
218.151989829
230.775582616
802.460188998
532.685170146
606.55414143
898.048178669
424.461944112
830.63314322
689.516421026
320.517826855
839.479859573
259.845824109
609.304291669
161.19207359
79.9861873401
669.806578951
87.8600435553
837.990427697
739.561461248
146.184436386
620.484028808
729.430150208
799.951723092
255.735838792
841.16553903
184.03182333
805.756523986
166.664305219
517.815228871
318.547675443
156.801116258
444.038588308
124.477175777
894.666757742
282.040983481
752.205072495
406.257033212
440.244310338
739.556397315
625.440026272
509.567071023
443.7098643
801.536945765
111.715751039
559.426417989
876.70693341
776.120637405
627.207127573
834.423885153
332.907293718
704.523452269
335.243047791
528.690920581
289.62998963
658.935770332
345.358150636
386.479483993
498.036642183
630.311792316
156.976260812
801.464076594
200.633461223
438.033257691
388.633699965
592.821789665
394.070806528
600.968554077
499.905380129
648.835288134
435.549681825
712.472119019
473.747562489
262.145945346
869.36195631
629.576052387
498.583601402
528.069786705
110.121842539
886.79932487
838.310389165
617.349541553
279.707504375
651.333984949
438.623196882
484.553681641
151.809651821
677.357374018
660.424751625
265.419803838
589.337572949
249.376119777
618.622292261
527.208628645
700.825760165
358.552706014
336.244950487
352.888514809
559.059775946
425.988567143
716.64329848
321.440991502
487.27649134
809.047745526
107.792231632
625.264554916
458.406142972
667.171493765
316.698600248
537.066879268
301.924956621
611.503774635
751.317590214
688.74916899
157.168423947
240.405096909
438.046304724
646.176528256
194.113902634
856.999617966
442.256473798
546.22392783
294.313956905
572.04739749
304.485650432
616.914683048
249.784216701
502.817378676
229.064041599
316.472347256
566.169956608
140.434222612
827.63505122
650.074324452
193.465579327
583.866001954
557.022233765
352.010327563
810.343848595
626.597945152
603.241055874
300.972127575
245.769618983
133.389885064
403.3424952
277.951087882
324.421819236
393.184322196
459.742986163
194.418162773
722.016455944
548.992097663
443.634769525
454.841618784
612.796164276
688.815656464
664.635282366
897.557449363
391.531120615
193.956932487
176.3762835
753.845368554
635.844267398
228.948924367
437.20764179
98.6681846776
554.588108135
590.695691381
477.588619195
793.287814214
81.35669126
742.855134676
440.211521805
465.445853249
139.287690489
189.910125205
176.776798809
159.256462974
783.507229042
833.46297902
440.396010192
209.56536378
565.942419358
251.610048573
743.802839881
597.631829701
757.37833676
736.596681491
247.725877513
706.656569144
181.247407708
337.606245368
213.471560116
391.247568752
476.247948017
523.92178162
91.3134988986
650.183161716
107.300909763
814.653972545
287.587420888
795.860900807
498.469666871
733.640286847
467.191528184
714.551648568
149.19305547
308.902313825
247.001110735
281.72099517
298.851246511
663.832595494
184.999410714
309.634159778
376.834581497
325.203746082
510.917108895
95.2037322893
99.6822646307
317.808351377
80.6601834285
244.506140955
150.38725515
365.944303599
314.413674156
861.065412978
134.717909838
297.095875372
661.519976799
108.155750663
772.48118361
395.90712781
257.052923505
323.744775943
229.808749733
860.410745031
593.314519788
186.281260694
522.365217993
464.56563693
152.828461879
614.625070878
402.595981198
203.21398876
643.474288694
745.855423343
299.766095491
482.375400202
290.475702934
669.293143512
746.549694701
642.173586213
754.799576478
831.808749326
708.125130532
316.418538018
580.759932594
251.929554278
191.542348108
630.447485409
577.56804395
557.1572431
802.855557768
738.777010248
325.306195484
872.202256972
635.916388186
733.887772774
831.848676128
184.558188463
393.117321255
762.989605243
861.522214858
784.329817249
253.257113374
883.93804022
197.954456689
114.64420636
458.349889244
757.289412417
777.481597494
408.529096152
531.92268185
724.55433994
606.535250117
193.101527288
828.782053784
169.356370526
602.177715412
221.812025503
799.129584857
433.844303266
231.835624198
240.595097766
817.734305088
640.143757035
533.857227199
801.091882629
652.229927273
824.652241015
832.707176669
571.992164215
390.945763117
266.128334375
224.755845497
545.283296826
203.443400401
866.24413203
749.742995513
243.194539531
831.085566882
134.545283478
300.421309645
197.008627352
522.07443748
321.375315593
741.02386786
144.227432517
285.017284156
548.919471
234.799854951
364.292337648
569.259603991
756.83246892
412.702263948
476.862895447
324.894126028
670.150488827
719.470952048
116.002836319
506.235873608
314.127654978
599.517025094
406.553198111
530.670873784
443.59200901
510.924323369
619.677043499
502.780701649
792.960756478
741.314632025
463.959182527
693.056920919
207.385103189
826.527611982
744.033916757
834.695410525
624.045490357
515.936073566
97.7539485299
523.345846004
846.578019449
670.972060287
840.837451408
350.887786275
420.803767103
572.533511861
129.376250182
543.929550939
88.4474775692
603.394778328
494.012003834
155.874538131
197.177695627
448.891187189
493.14231068
429.973518381
191.184160846
372.148766704
749.638340206
485.469446745
664.928403835
522.678089481
531.384903662
662.347029076
533.840343391
708.173900921
565.169165975
639.676491622
854.497090201
