1500
4500
115.47613822
475.690477643
758.885725537
291.97527311
296.988045904
598.979063044
438.79294322
813.017869608
528.652991718
791.967694212
341.421875499
813.408877629
610.773072373
554.135376729
503.353057224
123.333440922
391.124268354
672.17991577
548.63134478
527.449452263
250.04826106
173.541579753
317.709312129
551.260284308
822.512162393
590.538613522
77.5932368799
140.433374406
182.610750613
419.811856167
404.291963232
884.204266567
731.089279614
164.698823043
228.145301114
690.48377923
365.542951022
421.640595589
406.954550159
412.621649433
819.863671308
575.73005184
473.644228164
350.854689949
582.331652545
338.46796984
745.440300306
884.935766364
392.633618256
333.937580444
112.366803298
348.433959127
513.495164618
168.575209185
208.238224478
398.739961535
173.61410507
227.088678515
151.59092789
711.878753622
588.820461173
438.885244003
171.97715631
435.276657411
873.636821066
88.4969728524
263.113701313
497.342326433
108.590304628
539.885009152
681.189534952
243.280423534
216.672448726
558.747750356
281.82974364
664.133666718
81.1250667974
187.221663152
447.145034561
880.090322854
127.838562793
267.926735194
593.6486554
135.704643692
432.510188228
450.16626291
81.7189470391
431.012212082
697.475645197
301.498205958
120.097396588
341.516280238
853.990352398
521.436809314
340.962179898
242.207805306
253.687159568
673.921032421
338.625983202
473.142268011
489.275193958
640.647179573
624.055354411
850.948401973
727.950887701
715.988517436
121.004956178
373.126135721
173.019707951
895.427281519
200.489615028
600.09570587
444.153204462
827.866869471
816.800227272
277.563014727
831.435153972
820.67445208
134.040201354
679.451472471
469.958985443
189.36456233
422.89909437
282.444835974
296.113960444
557.558319307
380.271765273
237.995885767
410.015385483
350.014341675
711.284048321
683.268403061
685.670809082
585.469623546
246.915032378
638.587221189
121.591872714
475.961442991
406.958903232
626.18045037
559.367170095
585.528663479
361.806684979
373.154560851
594.841621659
96.8016275071
210.590038343
450.90287425
534.334606538
331.048219866
252.571836447
549.962192902
210.721111152
749.631851374
357.82764524
144.618797044
157.636693984
861.174163671
402.406284396
95.9647371668
255.806180926
530.593427465
170.078430129
396.773050163
559.881111943
399.46200208
669.125580333
419.304953258
773.982719676
158.219585227
588.599054987
737.968697237
409.140533496
426.361686601
404.211399385
789.98874724
151.268821715
828.221044196
786.769551514
758.220847593
229.856892061
124.474700434
173.073833252
559.483709618
795.663102765
229.281035521
453.846236061
431.372466233
221.654877946
437.328025287
873.065408726
364.258801223
877.972182243
789.589372572
877.762638244
722.779249495
104.018268631
727.903763072
732.844572698
883.158484071
304.420719912
92.9840215588
834.320803494
275.302346669
278.381675791
810.328119644
874.572854072
858.321140907
571.121271014
836.498139515
232.955682105
581.025001418
352.881296067
344.334850727
269.966623626
846.140563663
393.283567233
345.30704031
276.09041401
219.084621531
348.07470669
535.370868432
485.745413806
746.432948778
213.379354393
562.926093719
92.1002363041
224.794263811
731.58575866
348.105984174
871.729597239
704.548292309
807.802946862
80.2722597366
832.091915318
704.208901235
608.20317158
326.113926571
169.353848201
204.371791063
342.694981075
105.992854437
105.266320282
589.099659564
306.350193397
721.387321035
442.530504048
756.743851743
247.266224486
497.770183542
156.580679692
400.961424332
357.906727568
802.576125386
545.316572459
205.347665977
605.174596224
118.728060618
827.451315493
638.305446512
486.741117483
434.505437659
382.496547954
513.434704435
825.041625436
760.564339546
516.672711187
685.619709572
580.949416356
137.781448333
599.428043985
458.949081689
531.475134778
313.313561317
278.322260889
174.365929093
256.619687835
668.117196355
106.735946233
109.067569559
722.545686194
856.842844345
526.635655337
191.392012056
445.377911857
541.691037771
458.795976799
868.735994514
105.407314223
779.065772383
435.702364765
507.92854567
373.584610494
873.715362079
838.920448127
270.59522262
437.617779669
197.834411444
351.545831228
593.809556072
813.943952296
659.580681375
890.549188772
289.179912444
588.102659265
639.08169283
86.3803313143
624.96985504
874.219137822
524.978825004
373.146774873
535.238975241
105.341881632
597.966405024
164.780931395
599.842107282
654.941204756
286.587063688
698.735916685
818.688121429
423.239030138
141.053946478
428.064087569
672.327724259
655.866247099
168.468233814
88.4270848299
268.576140888
144.683724387
341.303120786
819.930323673
813.722120611
609.947077224
738.894810173
581.881741059
208.253972221
451.324086859
332.401396123
422.199487228
359.523064242
432.202518115
682.750955411
245.24470052
635.893447848
307.850541279
770.176694386
624.854015035
741.951664936
217.88067871
692.865530873
778.768732254
783.480028736
404.31779212
308.590667439
186.198443028
470.252019967
93.4592952495
332.805864274
195.733309854
137.87012091
431.082594052
803.049460063
467.029667006
559.23381668
394.45352995
275.093880504
181.461875355
269.149862403
108.865931742
144.133982901
493.725080422
103.630684074
854.549675982
117.94546755
748.677466332
273.141405179
94.8311253874
895.949057399
179.728863657
656.496129088
666.575042654
602.16215754
883.688067063
286.183707066
432.853779876
766.345865122
218.617290867
545.047719421
677.984251398
141.60716749
222.716685093
326.415457647
203.713882512
290.4479719
729.374364689
608.357403872
821.523450554
696.794812768
744.326482744
867.955218206
681.107404276
461.499599811
710.688644145
86.9880488494
185.646412631
847.705595313
886.879067934
751.297702414
772.436134626
311.386880812
149.338555882
619.641812343
882.930747389
863.700379785
723.611786462
557.552677355
668.713340595
400.983317576
816.324679044
681.769011762
384.953795268
891.5231849
473.679048914
751.848192935
810.509595608
666.737005945
510.449461398
568.829335938
625.657069694
782.751337521
280.135833984
571.957354271
803.976162752
82.5299177444
533.850036901
846.118415891
157.56346718
584.597774175
100.663765242
510.158744725
727.935011371
755.349077367
240.951237707
220.229544526
365.678639513
280.619589493
681.694361247
436.794209135
318.38320547
689.043124814
379.701559879
379.079730731
260.116807113
421.752584794
692.632422336
194.608454029
123.076910184
818.983752122
314.465684195
201.799427045
119.266285798
342.978110224
454.669742133
701.390418517
853.604069588
264.868550035
193.642421344
269.56300705
378.632885837
441.631212846
502.554153462
474.038861229
260.705082646
689.209483534
690.373742728
218.018892438
332.190631374
517.54017308
127.071039716
821.476815446
712.147126997
335.964386956
797.077203241
283.643997697
80.0750313088
588.542558616
192.634831131
651.743732791
131.525057348
882.518057567
670.293422513
479.717815617
682.802854601
174.784237291
174.11647703
118.848109589
300.196961514
598.79381703
209.224274474
692.091114577
450.978147378
217.977033977
706.500957763
818.467700758
115.409572977
389.951863962
449.917079835
872.16840991
211.289255763
338.493785934
258.778476632
764.627441159
313.807118542
436.130656053
214.059491274
209.389649483
385.363786162
137.324941419
762.756951968
469.462896082
665.77917296
156.455805926
767.51241042
133.720691205
403.286422198
590.956082865
384.744141516
410.918660632
793.929639185
122.270395196
296.727410832
630.431780255
427.315218969
224.251613237
842.421668036
426.877991014
877.752121169
400.839675501
418.563265307
222.583209727
871.531124304
450.570674193
669.855676555
491.347437033
163.064512801
477.72055344
622.918928611
494.720310684
138.30205684
238.969449105
551.509027067
350.242598184
868.069414697
111.329260987
741.277387075
249.162354531
238.455056054
321.676219566
775.83549487
85.2891582137
550.678179005
440.081296812
222.778454633
713.202986082
697.378273399
344.080699492
863.512188289
412.212436663
465.43946132
366.781879094
701.347040068
353.748781466
168.44574934
432.350163653
730.235529569
202.857129737
352.656543335
371.372709193
696.264020288
620.806201
78.9300084423
464.197385457
391.681194686
187.632435041
652.376269433
628.580101329
781.052433541
811.152061367
537.013828817
89.4360005799
844.435614999
198.611097924
820.523208508
548.12578625
168.262691478
671.117061879
267.040168779
824.586606364
744.200026748
200.909382633
853.09676743
461.306600675
884.818463429
233.603282495
784.180970296
619.606150072
891.748934563
350.894649056
835.543038036
235.827797715
91.3358395131
156.856878868
200.253641683
623.030012815
245.701036421
877.560170228
795.386550619
629.575998061
835.049183925
171.318285873
547.194756712
304.275418998
633.104049861
157.922563238
794.265035158
610.516423295
690.093704562
557.673487709
132.903067327
314.711370907
152.092873728
207.253923918
775.15192484
467.95628205
519.574868792
222.426550047
824.068893248
178.400148652
866.071835004
305.734251504
818.807583996
400.322751159
598.270271469
422.390024838
635.160113497
598.842643863
673.334089263
151.391129568
519.60503433
612.141327753
604.866195633
282.974577101
550.101845972
297.450062182
538.738875456
466.401470522
792.705957864
295.531513537
569.762041141
446.778469043
809.835679059
379.939719083
510.231389262
719.345583386
343.663021241
128.629123493
124.926538088
648.013253678
776.032539347
746.875519046
783.64783803
217.320387559
510.408040075
164.433811985
814.602800731
595.054448776
570.137617724
418.418309651
821.032013242
489.923285354
543.056162269
513.334231633
170.268204173
784.481998694
663.196008905
238.5139808
714.303178485
89.3729313315
722.16406809
386.868903365
510.009479213
500.27590828
385.029016858
364.109903034
232.420862427
164.461118003
461.987935421
307.341676658
557.824086471
387.673327228
149.446360971
561.204049579
513.979444893
376.403636882
716.533874656
340.339373711
512.642981627
520.84176688
726.190826871
563.076735419
241.442641911
870.933124881
96.3810471849
759.455905395
567.428465488
427.175380847
825.812670971
763.074436268
574.518353095
94.3310825042
610.600581027
855.965804526
875.131492188
441.652881971
648.630404957
140.844417972
190.550474267
553.574874333
176.797697337
166.643594358
304.613068953
249.65719571
234.243921113
77.5863550373
720.606491293
531.338922118
717.35756312
332.70574838
837.404032701
253.703565085
560.337306567
163.315632663
833.575701605
453.550527326
537.397114177
244.038889339
534.760182228
147.100712753
213.746611868
186.728904884
481.775888661
296.292459207
702.559396321
117.453466601
264.46401173
693.033767658
718.184057667
618.87606206
213.23864763
101.103488368
743.704579785
578.062500552
842.828980572
203.149511023
184.48162772
156.760226535
892.417909259
767.79111743
264.266514294
232.474314061
253.910223632
486.900702101
642.593408573
101.851719798
325.587229869
288.769473167
732.801194363
582.299343745
270.705311959
726.512986288
370.962713856
409.624546671
830.646620141
120.910610898
170.617047864
879.049616835
745.131123133
840.566801913
419.877587258
134.033968977
802.907875594
535.43561453
761.724913464
504.178911365
527.456311932
254.805099014
640.548756674
169.475957995
637.358928279
94.131164621
899.442443046
674.281993918
584.101340048
416.315346298
319.426956715
828.573049025
483.40187577
575.084290159
796.009066205
439.896821281
567.607659718
104.505208955
395.805272669
238.768696773
601.6106385
649.408523979
389.087511037
143.661188516
815.255884827
380.395806319
100.136186202
206.957657937
385.947262403
881.842913432
552.942935139
250.341149565
708.336460526
685.996892433
404.984056255
548.395172794
798.180027526
323.271645225
527.412117389
394.345111886
462.586205413
558.104476279
344.265860691
329.056172231
769.168049402
560.061313042
226.080268573
259.321925129
498.877387361
594.171917294
329.179434478
573.027160804
411.425220506
231.963186034
749.750160512
289.910904491
535.466305168
643.897487269
721.446101112
142.935459393
444.811851417
468.484435038
715.798815757
853.555061188
407.151032131
540.807385028
210.881448109
647.61610533
186.81506928
527.737847367
452.72364357
470.697475138
441.023764682
878.07924962
834.349657561
356.227401896
808.527260625
416.676072095
251.8757001
93.8877819408
152.072094615
854.486378125
311.600463815
569.557523036
291.296124345
713.869795928
171.198250802
494.759228727
362.251501543
603.735783295
435.17895928
561.616242687
580.567359013
499.145453532
284.259893621
651.980358813
145.938928805
244.562997128
596.686564841
862.50158991
476.793647882
525.556453336
738.577058345
379.075131369
771.190168592
664.942331163
828.127635338
223.6090444
224.139079969
538.75120805
859.603633702
537.136860962
346.073230328
138.379559248
885.190033683
329.042547369
87.2355719431
485.882365919
151.851647957
880.317368574
526.229614159
750.326229231
525.428446301
456.170554159
586.908271659
872.291040409
550.649432555
383.20698793
459.457984721
483.073267526
356.922771956
288.135587333
556.022985262
358.768831521
690.470829546
891.517379849
736.848980545
575.193489317
136.066092472
773.027537363
579.210584158
763.462927011
311.756429984
92.7963427016
500.119411325
382.84513206
208.241098602
709.391882365
183.365051821
781.739235591
520.405750568
829.903413345
500.566739803
96.0261860987
767.306223212
549.106951069
344.08628457
285.215646535
206.261137366
590.536266228
235.961869573
207.571632562
229.053564874
535.5638844
673.046637144
614.682382762
725.543358763
178.370298794
739.510377431
449.759671505
139.422586516
680.950044799
796.338450055
702.118419618
307.504731525
293.12839278
374.804575548
400.747750546
140.356174796
883.610382208
795.287201955
185.472650223
225.550568058
664.679552447
488.628421416
446.804304341
653.43870751
557.744573591
182.381867393
880.60982036
537.038721735
271.480412459
270.981800057
171.991825176
415.003620853
319.428371461
574.271230461
710.540603822
427.436042592
284.053228889
617.762118329
709.724856762
435.591177554
600.853713815
646.86356242
101.565191855
690.221374105
126.991434374
312.541354863
548.556823553
733.869088838
227.702541864
510.438757038
651.449350419
583.141707812
653.810972928
251.214638912
685.262724685
139.531690289
296.072350974
429.628197665
439.658064706
885.110971545
724.375708448
380.017881153
333.752903429
647.529193641
711.05903646
885.658419102
172.085709633
177.882898751
592.205415873
113.639337103
765.314673514
352.12120354
393.89313125
352.90725358
103.934741046
121.941684428
383.130333437
628.408612598
540.921238237
126.449774595
181.815896297
106.43828117
760.519781645
520.508472509
856.313806439
699.55764171
650.040875977
216.145007124
549.151579833
491.122378169
272.173905604
176.981944931
424.713393364
717.68224314
142.904338698
528.412654746
392.634315352
628.719066538
90.9423092184
85.0852212691
236.323980448
892.700124181
217.248330682
512.833343817
188.44188061
739.922055197
780.586801233
128.738074043
350.342645626
869.37425128
786.548763167
605.366426187
538.26433908
228.295707393
219.564007366
647.160946611
336.299257132
298.40852236
480.720824508
652.817871296
91.9939150662
312.765224599
582.854870406
433.444768004
407.028395555
447.97635681
372.877957278
202.993640074
378.598180691
758.331738825
121.181239158
769.851208868
202.480077319
820.98936869
254.635118518
441.759627393
87.0301978399
895.651135352
365.015641978
438.195245382
491.7241921
729.480169251
546.777262919
748.042048346
442.041734616
205.966462623
378.866211398
574.504853883
363.271916947
76.0445604939
839.153117778
650.304175369
504.888626962
201.200609672
868.035357768
792.406557196
475.617423214
814.652200072
383.603977242
409.369208788
769.957155792
122.332393811
285.847813893
484.096825697
548.786932142
687.582301545
856.231188078
100.636855233
667.850588659
203.741134312
357.955528155
329.743527498
210.200555002
792.325540048
533.373630775
429.62108357
509.047730409
506.846948506
157.781234807
448.296443406
186.978728216
792.462117508
350.556847533
605.338241927
391.496988576
180.845722338
404.155566696
607.953315424
669.856404885
820.736492387
244.275583884
477.353536429
815.745547821
518.474451543
121.092820583
318.605818796
401.437941151
598.289550245
833.946044795
809.57248316
147.063856663
745.960676199
622.71218969
162.902834462
100.363046119
756.033335221
610.361936862
132.925218022
806.371274946
636.238363416
795.576494277
306.807402311
300.107997654
266.359747445
503.276878401
533.843287806
727.982072693
529.725435535
836.569864734
662.534716533
138.497004898
398.990893607
658.102416201
869.405931267
822.494808538
223.694117594
443.447898414
692.894753408
80.5592707032
520.570164276
552.072718398
633.382784541
808.872481056
220.182236062
396.124833687
145.011732537
333.326060517
770.898675131
116.593196614
366.815366817
550.741502565
287.089807684
729.898496529
536.033340333
616.474533789
771.162047066
793.59859915
396.990793611
727.517230881
476.050302792
570.072657394
352.843387908
390.639650949
110.633219478
587.238383186
386.957059758
191.648661595
480.77805891
757.193698542
500.81377974
710.20031236
145.246517026
557.94656396
451.798662858
328.516003923
384.356485797
227.94325326
864.916343834
416.579559047
766.519893203
233.695380681
122.70251037
773.633369336
311.144852487
150.149705618
164.018783662
158.568595819
477.507078528
464.126802146
360.11654094
135.34697817
869.999581787
148.797053646
579.339777678
647.995841421
356.360355747
604.592749136
739.465221808
217.567461588
827.698844849
124.520990126
125.666871467
389.665219018
599.729627334
443.005706929
497.037131196
522.465702687
146.760049784
607.791244366
208.318958757
623.7868566
635.936224392
187.656431263
318.101115904
569.314065622
594.487940373
478.733605753
799.899333813
789.174300179
432.615416497
133.685792693
735.598407722
686.679487378
839.843942281
195.04394492
218.135559244
815.409752718
706.049583691
329.275952974
213.678191557
242.36961161
219.96023981
493.554849972
574.530500099
424.53931607
698.590363409
618.900804781
783.905455565
828.118306574
482.323712962
159.764404494
383.197979535
235.065727619
114.11064608
609.979754547
312.713007735
525.026305972
137.21084359
543.846019998
678.930201609
687.906705579
440.26702171
665.334558781
297.10160376
845.932800766
260.04139423
697.503770997
736.032358871
484.01034186
117.575738412
430.041328378
399.277729813
386.737298639
872.430065936
389.426186555
178.739149479
201.225129178
601.281677597
583.278139387
142.441628136
413.583400242
278.577517852
101.360157435
248.067554139
666.704485928
322.423623187
442.785162607
468.895351508
87.5975148357
660.348534794
814.507954686
590.738021613
764.973876278
476.325587488
308.186269581
890.536600559
218.779619107
757.274996658
520.734244914
623.625586028
640.851623142
849.280130294
690.145436206
456.109695995
321.465569589
333.834013313
511.644182454
110.889926967
225.458655143
80.0406160715
150.600487651
648.0035836
752.862596614
608.097512674
291.952907111
486.311820261
492.695370304
700.0473409
646.289842661
230.223753329
99.980384947
88.7587571521
452.751128453
517.168002166
267.233069209
301.039737909
863.722444398
128.576302782
897.856491777
593.815324329
209.232300446
742.696052179
218.816679208
121.964389117
762.123029363
273.78253504
83.8601368729
515.619816885
816.38898876
489.099658694
794.612060368
205.332270675
440.432119333
551.755391715
280.203863818
831.212106335
737.754904403
642.90041898
745.449567675
304.988500299
225.06069779
714.918747566
784.331861594
359.879146172
868.31688973
809.473802578
340.61740817
655.70520065
199.064800087
570.966709559
254.929631175
634.062516024
312.769836347
336.548903961
234.765860062
449.369563836
840.468369249
827.787568598
135.232713946
669.991112777
267.398573906
212.633029553
629.459019326
756.246801583
462.322027982
335.16023267
264.326435204
674.264699188
244.570466218
554.618321222
459.238155976
841.787944687
392.54026414
128.317272071
337.761893557
448.351964134
430.656198591
217.055912724
749.022625191
130.546247283
852.303876812
325.4180069
654.328746888
735.571064132
585.222375793
460.850001794
480.475917056
789.913151258
152.671941762
851.371755374
312.176410155
882.064611886
348.322134334
752.125030756
305.471349794
712.285939524
764.845852995
691.147969091
333.18180681
836.605883152
834.973020886
769.556619504
770.437544042
332.446208585
719.144542546
664.015880309
404.248800346
297.324894091
567.701774114
242.683010504
495.985626918
239.730328889
707.125274655
824.465555501
647.654913044
416.850895412
156.399866354
486.166793808
222.525629527
868.438085722
545.241570238
750.152731807
654.902487459
327.850676525
305.263242619
464.030810581
444.893453495
565.015216638
318.286556332
849.781139197
358.307151851
619.528327347
751.354755394
875.583236921
733.284713817
783.271158359
415.110719553
622.32754464
649.935134634
363.912218531
850.529577766
433.903307555
123.225388917
278.748035056
154.99026313
470.817030334
126.842312289
815.430502445
457.565406408
352.377782169
123.16901979
763.480291889
281.044691631
190.703061158
803.720982607
147.495030104
462.633941052
160.367345551
552.809590623
432.017230828
854.647379974
847.944649997
622.294864304
551.46104514
373.723117077
585.973887678
824.681833469
898.300545517
606.499274323
439.873352087
311.272058576
272.344285095
268.154367943
467.949216834
683.989962261
875.732929675
152.960647475
647.038358393
484.112315542
664.754366538
649.026435244
565.080164866
300.103642021
740.759420526
360.252757536
584.321930723
574.468596245
589.271492266
797.661971411
263.461008077
316.439971581
231.557460463
194.501969925
323.253056453
688.002369927
474.268599699
852.906697257
393.365766631
157.567158559
671.012736687
677.023017289
130.116377444
809.586612128
317.115501296
762.508505194
222.102103354
215.848248034
217.370189046
530.851789656
588.738329009
265.1434432
581.357322595
349.838078486
552.042485412
329.652369975
600.866586018
322.875321977
98.4638937525
660.550502649
246.935975102
456.661453845
249.801595926
197.034064221
583.782616219
537.601461436
743.560680169
78.5259945653
451.954515734
704.202240168
895.719857633
235.535303311
258.919587942
708.3570482
714.573787485
568.395453593
675.310351869
460.597923453
138.986766161
225.645196104
682.359839963
290.207383453
776.264221898
780.17304516
223.700124429
402.767587757
355.924361778
645.669275096
894.750746498
467.977763529
499.630135979
455.444531804
848.315587527
442.79979717
760.712684774
109.185477231
174.905696327
722.74402626
186.802026108
719.946367664
425.230063072
889.145748808
690.765321021
133.206213247
599.811504428
192.813172161
264.176553223
659.508880994
256.993030169
755.835395165
315.399874295
582.489807809
798.579239177
619.774876151
102.81995681
106.637951909
395.631205837
504.450989896
801.923393848
399.4160613
872.578681917
710.84960894
204.947017197
491.701018305
738.320543573
673.104462966
541.940304388
462.333403968
651.666155354
807.758088855
392.360120704
583.536388701
487.438563797
233.104400479
584.128547893
228.361000809
892.936090178
473.756743603
712.603560889
436.369811708
335.423407183
333.653742178
839.293611733
364.301505512
463.195132678
510.09715558
765.661607894
851.919379541
204.859032381
482.133899926
450.874637925
580.565718544
824.534373004
328.855458338
234.519642939
528.065883406
860.597827116
536.583403856
835.259977809
411.530526741
137.186407045
420.608065823
550.467097563
175.281836535
737.409070194
499.28603221
831.753308888
389.741708763
266.310693581
398.632085184
516.133441884
623.887423916
95.6688217747
231.778471736
470.599138391
810.253883532
783.149491587
875.34836706
437.898913283
483.653604188
665.605222884
886.310244868
299.621153865
676.53130085
359.431764378
551.895312114
859.169959247
725.942771509
90.1449485858
448.344150654
203.35388572
492.481364594
290.711503145
689.451067588
217.968291202
754.789258677
471.754473753
363.144040413
481.172235482
122.221107015
307.955002566
608.385648164
174.275042664
862.900110231
266.404307055
215.454809426
517.741974578
568.002811265
358.583273142
612.715879963
595.634483191
443.056971154
873.208655893
220.617160218
81.725469279
546.880863639
484.471534211
835.552801315
822.16142978
755.333211534
632.224179928
735.89675415
594.882311208
134.082864998
610.100768345
238.945555149
404.251864219
483.355897856
787.716290257
329.111459623
432.83930564
174.340117551
886.993433976
246.312224898
370.061141918
708.806930541
353.860172153
555.753756421
576.806670627
829.685608687
829.744432329
103.788308506
855.632415131
479.991331238
686.790503005
638.399564576
605.020087206
587.626299536
281.547520746
636.165152551
559.162302207
692.924437486
325.2719271
188.659741694
455.24690437
511.04337115
226.472543806
455.88868449
710.387768123
867.567626334
610.015030222
783.912350046
270.854190276
211.477062533
759.70605133
770.120910935
219.656040375
107.167266264
803.953206013
521.478257661
187.965628119
134.708860085
874.016194247
459.072235987
627.584415907
317.581721202
628.616606802
624.472745235
582.682219299
232.121237727
586.687467138
448.871019081
572.36957982
451.178473829
704.598991343
438.363339006
81.8011835762
190.356434298
734.264648363
891.215726374
344.747903111
673.22309692
828.509526009
595.393703963
483.078656614
613.251611386
378.646991731
572.841816665
715.196904987
710.872893228
343.275077572
76.785944905
852.230313315
78.9849794298
448.198960439
383.806909199
771.547457124
401.18003028
315.919554462
310.870096808
705.464342125
781.693080381
126.330224021
729.427187954
577.025030738
373.046712662
372.202627644
416.845852936
335.900532248
556.124335541
512.634142538
423.874206935
227.589659015
770.397771554
238.612926627
92.130607358
386.171267528
329.289045899
543.826783408
424.04786714
785.72955836
232.235105517
597.493594203
348.579653964
676.564424003
879.035887118
658.878491644
498.615771261
412.118197901
228.694768825
496.031945687
601.57488471
473.872632406
336.283918928
639.52521827
115.367446037
462.404540195
86.9989453676
369.719688297
460.516095731
254.790350108
361.926014074
247.799301411
693.944642689
774.275663357
198.036838223
669.48354106
484.880368666
691.734792017
205.372770708
724.502579226
589.358237171
192.17340139
286.25397003
98.810562717
99.0805840969
690.974021508
516.520992212
340.838554672
800.827834458
137.282953523
847.030094251
751.272971946
224.320342546
388.905616649
498.119053848
861.961618981
424.082751661
249.738951895
177.09168883
271.979556827
493.64611988
669.903041573
644.486503926
299.116894314
114.263558629
249.113144526
788.069901864
170.155271301
716.577742353
194.948212289
775.168776815
186.319970487
559.067466533
285.899505381
577.337578703
437.26242074
93.1042829591
262.862330669
626.39824072
620.14404286
609.77427457
271.724590123
517.043187725
241.159450217
300.490507148
885.01368244
293.523520165
612.497882783
226.484353788
514.166485562
490.610883222
864.007708782
632.791877033
292.394711927
249.872960675
580.905015989
531.15947814
402.329545767
741.786290186
186.938909555
554.455405997
372.677263211
470.810029296
885.298479666
131.477063034
320.190907261
467.975847331
492.558121098
623.121960643
630.732431374
674.258965495
751.073024928
791.354946382
756.974511869
539.190559885
716.184845804
691.798166153
301.060797682
165.106729929
211.819343439
764.310147566
888.269512925
649.082839984
813.854880781
884.126095576
733.290106544
384.815556882
720.725929242
218.003291384
793.230077164
539.664515943
630.587901353
555.145734074
559.028250276
473.246489685
734.541679858
407.118055204
537.750539213
480.203777054
674.771986738
863.257315848
80.1672804937
699.476070131
584.520550503
204.836597654
181.293562693
78.8435291218
837.984505066
174.040328331
648.585880567
799.060926717
739.049036359
326.222772854
682.69213771
756.427314241
657.604230062
551.834249174
548.678011085
178.839157668
536.722812247
175.456285735
465.827853518
822.265397211
398.610824653
450.068173442
149.051863285
857.726881928
723.897368005
861.100639362
201.099453015
711.708929976
483.365347516
244.573350843
273.854820912
679.219799448
549.257922224
95.9556431296
168.504242516
387.927328933
391.310155006
633.461583422
810.930607859
453.223552111
91.6597232936
309.462049358
398.265322417
498.212662173
242.466818927
210.131866876
620.448596149
443.717975964
747.283626469
210.365044891
320.361742275
837.658937629
713.366695983
762.870570696
365.322605815
442.691824357
664.358968233
849.347083941
862.710072259
714.117182079
246.88401278
521.091926892
275.040675051
871.304806972
214.023194995
643.551304951
506.182776044
726.929500705
225.662582357
448.822113816
470.040509491
472.937802624
830.31924042
169.126405919
218.573094336
561.636150712
732.57079233
247.889142951
725.032790548
392.954321729
82.9676371349
603.743145575
262.388515728
614.474988694
757.243246695
405.298923698
568.884075429
888.687237164
275.268301985
851.871236184
184.433613615
147.668075719
872.826422085
574.249555163
328.342806977
346.57353614
160.749464061
577.227692739
850.639951626
333.059342979
638.481749524
652.788055086
162.374411379
835.074211106
108.71377481
394.229466538
877.279003901
131.684043409
689.039844047
873.347151723
461.790711469
152.909468675
861.375776875
825.13666599
135.077229599
226.67254597
811.556296081
350.859840652
489.389208872
627.360832599
131.199378866
557.789848749
826.697951492
377.69542772
833.742954595
100.164916273
218.439850253
478.456610808
767.695826314
262.659578129
162.863172003
843.489371591
328.977520361
887.090270939
508.479302098
629.847189642
432.432976659
255.440190324
214.133634851
204.871402157
631.781641966
751.936429023
638.716075375
335.551808813
175.231217998
770.263080518
136.530875093
586.75682691
880.25387694
679.125658406
407.272395102
584.781704167
334.926352691
472.173049604
593.511246456
266.566855536
163.046888235
374.018721322
240.450732013
110.568996659
176.01833456
874.933767086
464.705185867
489.484133581
537.641229135
764.450903942
835.829198876
547.884554146
302.681394837
562.252303329
781.859700434
592.996843551
236.292668034
323.491544332
146.764498838
380.952831253
255.840354741
627.165282289
775.269378866
200.590723188
674.003770178
217.699465264
591.636118539
692.693812652
159.881655442
544.872059185
866.671169368
817.82491425
82.525878462
787.396021177
683.080401093
757.131655892
798.074716477
307.731309404
312.691156132
769.00599593
559.657563498
297.865054937
175.685683366
623.872054615
772.971646278
817.867468999
789.738276307
209.477985744
77.0215188853
774.869773028
194.105918425
409.685206678
172.029156119
427.65134785
593.270306742
252.428159724
486.915747194
677.440069057
754.233072324
460.237695931
656.604175032
823.228529686
276.44904681
131.117101316
570.994465235
172.680507937
831.202084909
174.444328931
865.579554729
772.471744498
745.820058079
207.622521532
675.350192482
543.981195336
855.802778693
181.493624603
402.679440963
502.204844254
270.361898631
529.611638471
810.503214197
693.204821578
161.873175854
140.246511975
802.031568303
226.990593839
428.827414122
120.838466393
398.97281704
435.635409855
856.36304697
99.831134397
398.066136448
367.57438429
755.70263882
479.930833274
78.0215600487
712.785637063
489.500428738
162.361854869
735.2858364
761.299428621
503.770485865
599.760866371
540.47762801
505.728929282
141.021963046
792.232294036
407.006053187
175.224116466
865.497299346
773.984128389
315.959365661
317.416956819
476.815066434
228.851977034
856.529747125
700.10316582
433.435816166
422.193041641
690.190959726
493.946464592
434.577979191
280.832856393
678.978308881
279.291925756
618.48117734
554.420941075
399.623761809
208.685054905
513.564788595
268.302418756
430.508330095
394.350825265
623.354628596
278.001711454
569.803999148
392.195808774
574.770435298
427.310256353
489.569290285
744.381821283
629.805058359
133.678225959
458.594606079
730.798322311
560.9745118
677.190361003
447.732061487
320.31172833
521.435546831
823.746937599
848.619133299
432.249336478
581.60425755
189.002742798
497.388172246
94.537232643
318.652197571
224.002274027
303.231512298
559.61411255
333.820349591
794.914965731
641.692443146
682.422958064
359.776093162
658.783378277
350.184626188
641.080611188
357.106684239
676.58960049
704.096883512
543.622734678
517.473129595
445.279650073
379.547345749
727.273986042
270.31848861
884.303896392
233.789750037
241.074364717
264.31807724
305.705774404
483.847471691
179.511639866
86.5278586987
630.100650649
566.626010588
899.54971775
347.201436065
313.610130468
559.871348675
870.351501849
662.58622783
639.990865632
684.888356019
483.822250766
148.496517437
854.168779253
869.030635447
404.235059717
746.705632668
506.724913455
124.291938445
526.018766868
788.372955318
151.651242223
491.216824777
244.028292019
239.564318115
561.941841249
472.786153638
144.298636392
437.648144458
836.11697522
701.590575688
221.369835911
678.209402163
225.294218377
153.6328299
705.632988653
728.520998698
798.396697845
130.775589971
519.768392195
876.46150965
343.654319524
382.713739125
510.99087211
88.0066769931
273.145981889
894.214075528
177.6416593
249.289919374
428.677567928
128.640244067
601.653978711
82.5811432958
617.068895719
451.97382666
569.481407239
468.101460703
838.486389533
899.050547222
114.624194972
723.334771783
896.797966402
304.051254905
629.672191772
552.220984982
781.809944508
586.057385409
352.495334587
655.519078341
833.095280815
294.420551132
356.824888855
663.15669042
448.598167474
721.540834985
657.659207047
894.836745264
436.412085946
567.22554253
789.106360177
696.251460201
75.9248460598
231.386136599
395.618120063
664.038215138
616.327097079
419.685440889
613.309010491
805.799444255
287.530496547
103.524686496
118.884868521
600.597634225
641.385767123
328.223537392
253.817545936
210.466685736
259.374394985
445.855224922
766.813944472
642.540163659
166.205618861
370.551525955
709.261035869
554.326427181
284.842527578
317.726519071
664.955365819
447.139427495
503.261932613
417.743852433
718.163946502
134.400801326
519.119099943
302.776715348
766.444208805
472.133647974
450.93505511
223.362379745
527.394725303
324.963262477
670.335720549
454.142385828
297.047299354
487.053048205
866.158261643
889.579960057
798.753763406
629.518009561
340.946732999
846.066677778
703.225121681
835.687859954
471.965929439
663.712014064
566.988195101
685.760450223
850.792720231
606.292576844
670.709192036
737.958188704
828.554358102
265.673360302
248.464932007
878.023148206
322.784030168
210.129167469
216.98231648
231.435573626
848.127096738
260.695217877
244.899939428
311.676486491
166.320666399
897.919111012
369.372732732
149.827959807
83.0665036552
313.066433581
290.037987369
182.594877888
799.403726748
896.754700883
753.179348531
632.068782734
417.178481048
477.645311831
486.615225665
171.896971852
475.36982498
893.373807975
176.461015694
392.407817118
404.892921083
815.11146207
524.942456596
760.897312698
93.0646027627
483.733224944
313.505730451
418.030676143
122.78365581
570.054176827
466.885266051
711.772840527
225.160906717
392.235994415
345.752913048
570.15673348
406.143207363
844.974749796
189.417669659
855.771710617
210.078814434
206.846442164
320.471254568
431.896413147
553.357564594
467.628459926
280.579929135
837.349571037
328.474512634
501.341764191
382.991218441
748.48014781
252.302551806
822.428778143
254.879347458
273.411707058
676.150821274
708.982888595
217.011333299
388.780296439
453.433907762
360.581751616
894.265073093
667.075445589
394.642931857
355.122109822
618.849856892
483.483547663
85.7702113278
807.779317271
228.504994626
280.592710497
720.387779626
436.986964586
205.284043242
707.085565786
575.316805322
652.523474735
517.069722845
327.441648554
210.786439841
411.643815315
646.365420832
182.959633932
341.004437077
507.355466523
771.375946632
816.437855507
429.252306078
697.079930924
387.365508212
487.681805868
720.518347657
406.527326959
847.252057951
730.019941641
287.797086626
580.754193439
420.656300908
342.07502914
706.210455942
544.968633083
265.455339298
618.517096874
147.017211821
166.175902295
341.288954328
610.790058315
409.893070424
431.119761127
751.737928175
773.451659466
447.680505977
133.100305388
383.528656077
639.923347174
706.144243324
637.262178679
598.385999909
324.149293806
529.393509858
90.6179518398
322.798496166
563.95187463
361.971632902
874.414864016
548.231122651
294.545220466
832.872035743
654.207530916
704.171622565
431.555904021
175.890701726
233.952726121
889.414845935
205.851147198
618.573703611
863.406822381
98.1439720232
724.185452663
583.391215234
289.957576824
570.875531903
196.917970376
719.560409464
607.409994075
250.600752314
359.151503674
819.305265867
891.706011173
654.142727733
890.519631191
181.784786675
189.692637483
507.190878874
323.007284057
322.868310266
814.644057554
285.905248575
187.090673492
255.232951773
381.831746249
277.988348464
284.1668139
804.761506447
548.722308788
389.289860947
806.575983478
811.956503504
123.013262454
414.121508746
96.1189008804
146.893724026
533.152140794
373.743694348
362.482888487
194.761239295
714.362796093
870.148219929
775.769521004
268.637545101
393.602560031
709.66526908
714.199800719
825.973937037
98.4125373954
828.017930178
553.888801723
464.703188131
230.289563796
132.821615199
468.301393153
462.353714267
618.68109869
854.127601056
619.842361062
438.611053079
85.8522525804
624.570929468
797.875665254
163.023226259
108.876868072
118.699867563
315.814136708
892.04508041
424.229055652
875.433312219
79.6101289573
595.534437803
416.883630675
350.176252447
266.592189245
290.318223839
890.533227945
204.693819186
169.309410166
614.897533041
824.475143361
555.710105803
898.451655912
202.849008282
147.414561846
669.016951644
333.430979084
302.720668925
641.82205407
504.387521625
805.36664702
278.882435514
774.756712903
343.256112166
633.023008824
139.943609754
863.128851989
226.581960297
695.14182925
663.815401483
814.200259054
207.723124222
165.771953627
451.510649439
502.642333709
490.095224431
539.837358386
327.714170963
841.568641383
805.310986721
196.670304866
343.309014381
830.161323386
603.1859818
712.232706172
257.635561816
728.423851006
459.108924552
274.146177468
241.429791849
744.52290571
686.232066634
264.48849641
871.235994419
620.220592801
419.922404641
306.43429386
494.777428691
424.310860445
319.652988904
431.908742323
243.114130648
639.1325969
125.891613122
500.135206677
466.111738662
657.380796037
408.78272713
141.845961457
898.980880621
377.196661884
592.416488796
216.309861569
820.651985361
223.56259142
399.145616794
147.206135257
332.497162456
368.092113381
75.154130243
737.521626622
834.99790688
588.240333733
834.194966156
335.686690248
238.639577361
298.15576971
615.289576712
261.686004732
843.55576523
432.029845689
597.397144959
624.824983378
861.121851702
661.359219402
811.11224305
303.992206959
705.132317318
102.303305275
600.016638031
676.303734351
820.183351703
188.437088372
601.815184926
283.902079236
159.57034808
543.219338276
699.399548761
815.566756566
550.044673903
251.123174807
595.420478672
787.702430191
588.576928751
854.450315248
444.720007943
729.566156164
659.746947361
378.822242765
214.417755892
464.058789819
774.08214473
626.902101502
156.551845639
310.507409616
674.499941674
368.64436063
177.064185799
94.3067856382
750.505331895
832.970253715
403.259936125
614.752726917
134.954371533
439.503623961
827.905895877
612.895280161
798.727626769
182.791545564
887.49745725
854.07739036
505.972392261
85.3375704631
267.525031956
862.111844628
380.680592115
174.649894533
515.563771343
882.914339109
529.285878029
244.800514943
221.618006886
597.952480327
777.490924826
602.722396861
648.49157297
101.74119461
720.007435187
731.343159317
894.269612608
555.516072063
360.026721452
715.088853024
701.081832054
326.013315647
703.880065776
263.338077564
353.482804461
565.280521585
118.863723003
641.440353259
672.478280848
469.879595307
843.755896845
225.725652298
789.996606656
833.979890769
308.907935342
557.410555052
397.868670626
518.566428452
327.5363449
598.776460536
410.871414051
692.307400024
279.107168239
346.525809426
702.188493321
207.752359729
307.091677707
861.105229757
525.438926848
126.360923141
89.9509969151
876.616591023
674.474430055
573.809854362
717.324770672
228.523301737
493.412147302
218.533010198
127.376842019
253.640213727
437.148440712
718.986928454
753.321917754
297.467000887
483.246556351
715.533847424
307.446654852
318.705511237
355.053260231
326.047476079
292.932415387
414.33774657
386.419762473
708.735212537
166.871833305
215.745578075
607.486009733
150.013161286
349.041508766
442.690326003
851.029579597
615.630860955
713.821362874
771.015405799
443.642127607
399.278738287
233.132285305
185.646789472
351.840113466
631.309902586
872.53108605
601.269789777
217.730742593
808.04055205
390.065214075
765.617918938
168.572216486
837.837546689
407.909722447
271.285874867
805.245076673
171.68402101
741.850827854
496.448394541
896.585020616
710.369407768
720.376190034
556.654538099
135.401460506
788.840699683
218.767713598
611.410976689
647.757867708
820.387856679
502.38199825
520.461924334
601.563270774
235.643588184
546.050962509
663.104977147
515.026800194
181.504387607
142.755895598
555.593310974
461.393172622
274.763016138
764.776288612
738.555276482
551.659242268
401.036101893
619.112491135
643.521670895
227.352115223
406.89382034
444.479272398
400.658627744
814.95876099
393.142762052
447.040774849
750.946773393
278.898850793
807.432398071
673.72009799
553.323445847
766.633225895
158.680339003
876.989027507
79.7648489198
259.98055278
226.557937407
842.534299548
106.719395974
218.614122915
372.170077063
182.896765789
555.778869647
319.840828998
113.448864677
582.03623602
268.457732733
307.105554448
835.553695698
340.470673047
875.229832293
613.659153105
767.339147892
113.605402073
736.846481489
208.895382141
756.5897145
577.074488718
137.419051773
262.344350859
850.338582063
306.731369306
792.121362457
403.915093323
123.514264694
629.634856156
741.096535578
143.142993514
779.326774139
730.396174397
245.204027064
464.840228734
182.458173174
581.542799993
845.225103405
616.787390566
326.466054019
797.793133121
569.57125792
550.565102728
209.293314409
640.797543093
413.747591994
367.679578031
409.183955696
470.238680871
389.597151087
660.057547019
782.976619458
223.506733202
436.3951089
344.343899893
495.214328611
130.311964305
480.13823292
341.622863376
183.161199529
397.764356441
169.671195682
161.878991807
408.327332377
262.22237525
262.981602214
844.776797209
440.412569009
306.759724748
146.612564556
437.025201997
128.164793687
262.342385734
849.416601744
282.541368785
120.161374873
137.682390419
502.634255644
859.404200684
294.549933379
553.676768689
526.867930993
323.126057334
113.19053353
123.781055517
563.40547701
540.250191742
238.771053715
713.030785223
753.701120199
709.418858811
570.861785133
585.757464201
770.870114506
708.788437112
513.826315412
149.929714832
710.211728836
873.097862993
756.67557184
635.056439188
575.587850475
271.035140251
617.72235304
559.727592111
884.033812097
830.133193818
601.926960685
566.343200172
711.727993694
702.504612011
97.875155492
310.166783565
836.83256391
104.792271471
156.774894947
385.082706886
138.079686533
371.027430948
772.409115757
347.58245148
222.375558223
752.257170258
98.7514443404
591.023962932
681.37907387
682.528617033
487.42180125
249.064456924
186.447680525
467.75289646
239.08720159
647.454944742
260.499865672
853.369144679
459.550419926
231.925049047
595.442402839
309.616883207
756.254857507
714.951348084
834.807896269
897.658033478
299.101184095
856.348359505
269.001913137
566.057732692
708.360763163
826.579459206
348.614172399
116.676507754
874.722544116
676.12505861
769.915591326
891.431760856
91.7961289813
685.523712382
400.921673731
374.663849629
752.314833696
309.011857745
794.657895797
265.492499598
205.319072849
670.695554708
361.254786701
308.320974778
320.883401297
400.834459383
476.949254602
75.403427516
442.401899547
802.561073519
347.169102871
610.446786071
756.484443291
728.255068285
121.228285443
150.906659072
397.30054232
338.485691253
307.12578965
407.196700649
667.207020752
893.744495972
634.531111903
480.531479524
794.927405726
778.376124297
250.81144156
153.621910686
409.299511948
632.978586508
219.629973637
777.758197603
117.663131371
197.585043558
613.611576863
710.764253003
654.698319959
783.222299237
778.702856104
583.771352927
668.539817737
240.97148319
360.801917005
320.851292109
468.566114945
713.194928405
324.4376917
308.161927768
115.842971146
166.741510448
265.33938539
326.108213153
657.88695163
576.773814094
656.385893867
435.365212896
495.355539882
380.680449984
465.207063486
83.2167228862
227.618199922
244.8315765
457.821242793
504.144721827
716.264264956
233.361596528
316.498007579
176.598736615
402.225879432
377.574139858
513.026296253
441.086489183
727.195461383
499.525101278
415.393186056
204.982120772
468.097597241
376.378386617
704.968614
387.095745104
394.487650492
793.952378143
255.01455348
123.109294487
164.940590214
566.007823934
718.585296834
320.503949415
811.300690547
91.3105655824
207.690511026
337.274103858
575.678749908
484.344437838
147.098244796
411.732940354
263.695322643
134.254167101
743.637750633
742.554049388
243.600221979
779.554935815
128.182187551
806.575248005
294.997181963
276.614225217
560.480288672
687.38682904
574.56416699
195.009833385
366.419988703
102.621891707
322.571408936
77.557096863
636.482531355
419.885570512
787.130068716
266.41999869
460.503014147
798.285954495
542.617592355
899.836289273
578.351212343
705.829277261
795.816188988
232.031415747
575.840761539
663.369656126
171.72232131
829.324101461
884.340510098
721.858670039
134.731192394
502.251129799
706.472073337
205.608780276
491.585258832
429.754977709
398.741079734
384.016418874
784.317383041
103.437919187
613.604358247
678.429007162
252.905927825
628.330428335
497.943202061
176.915409435
749.538728225
619.806044762
711.695667616
86.0423375795
332.742630085
216.202291001
368.246693758
838.824872611
836.095580769
550.454922318
870.79780239
810.222256244
622.014870229
720.5129892
609.718295566
686.744591592
366.914048157
168.254712416
384.054276333
270.411117818
279.812580084
338.61015478
75.5672513506
90.5632997873
498.062640761
887.76451558
675.55733598
128.385672229
695.67837612
750.747410886
701.404332312
274.146476683
705.942449306
568.237903041
886.411931171
277.338978235
378.432031062
457.524173245
377.473038224
139.13730604
382.574410928
193.319754293
673.623240755
581.855467469
797.386268053
495.960871064
218.968739221
277.492450742
566.555736063
552.828256534
587.985693311
242.948163109
91.2673756516
192.139047666
395.108423924
890.631198028
400.844056417
311.275716153
377.394793673
167.66819835
156.044355837
141.316513564
540.293939465
173.546824136
870.85058769
738.810604082
631.276307471
361.700565324
866.599828795
101.017403406
241.647640689
756.260226551
208.005443765
785.7608722
457.249033186
763.476088657
732.386293526
373.893394927
556.451749484
189.735503472
638.303172478
371.194692109
251.677755505
647.732416485
292.680386058
752.006776845
806.483653503
775.350762014
303.296687393
852.036452198
478.327773261
627.155679793
499.856059032
788.17188272
853.896515409
350.734323075
784.229699459
732.192925516
405.274401794
744.474311941
220.22400298
796.023723045
120.187355263
853.127064551
366.109728693
699.006313298
634.516606535
594.765197949
240.681860322
179.80418729
665.395384768
349.582113496
749.633551209
759.295774151
199.306242905
721.076488253
571.080447116
416.952687953
415.021554684
253.245561881
245.765478815
310.951497599
535.730722074
457.328965394
745.27730759
579.468968826
195.222860861
234.311922899
93.9482984777
243.193704965
856.276575765
309.115219415
144.776319042
760.067029778
736.558268714
574.590700519
356.389564018
398.539304475
115.31065284
890.515783965
694.8502745
545.01551866
770.768587196
99.4628292257
477.835018737
776.717010837
432.738675508
854.637669532
633.471360221
739.433169501
610.535570478
571.190146571
293.94484654
181.001999456
454.712925137
685.781780594
772.17555156
261.048446116
777.116378774
231.668553145
627.195718577
443.956073507
773.377126919
663.547518171
568.740100132
233.545877262
413.875530925
254.397758403
768.3411158
387.67793512
203.303467657
121.045862708
616.286479204
547.997315533
859.921037289
693.048266507
323.93350044
215.141755038
872.718425801
891.264962813
794.172102887
812.305800834
339.357351308
339.360942354
789.393496975
352.388627222
358.534280354
559.012290747
702.441012233
278.380018658
458.857596256
296.034888201
298.023661965
785.334650255
844.120627811
755.771441059
589.556228452
384.763337019
487.34588307
509.899065287
438.8602642
462.619309658
146.412527175
135.079792611
650.78770762
823.56350319
518.12768267
417.687563582
584.445003094
168.381408006
99.2731038488
443.595591123
837.192524314
669.559480598
391.63288978
593.857465407
759.017744046
174.456026636
827.255379456
772.749333423
540.300591822
289.119476177
618.171347346
786.545630087
505.755481943
860.822664511
331.618676611
425.304912145
770.498071996
219.338702767
746.217302839
178.641706031
282.516161463
183.255172532
161.470981595
90.527708386
801.721511491
428.944968852
598.143811997
880.524414904
822.240179816
245.263748132
163.006615965
125.866182599
434.42053975
638.660060127
235.083279828
819.54791862
882.798909061
140.991929137
863.157620139
619.424220025
586.598498431
111.737318166
117.688729094
887.323754245
316.385398083
723.922304592
234.505127994
92.1343362124
634.812880568
825.307332539
241.560956649
298.913946317
842.97323475
657.945031617
152.312796374
204.666586537
828.856042315
410.129050036
765.023292188
166.392917439
760.439523729
339.832014402
230.427754215
364.543945332
294.328012322
242.146567248
801.021509559
602.519504397
140.241943356
457.719637868
497.755272869
820.01469168
236.585158476
795.212518781
346.657498895
693.941573331
503.534589845
396.56606529
394.631010468
847.166458153
137.427534603
778.852647673
193.794634204
535.152648596
370.041693181
727.812437078
387.502587067
699.906546892
405.850130034
529.849411721
877.489734982
560.692995034
153.736644404
229.093979123
677.351688427
886.403728297
371.065343727
734.939793932
447.289644821
403.626832697
128.183202688
347.525555655
150.566975806
879.599824613
295.76169138
362.735408277
293.513375637
702.823422713
613.486241956
285.337522742
703.543236539
660.123279096
103.267345374
681.127455669
391.866917008
140.276007304
801.454695467
647.712463333
180.742402954
689.652533831
436.884942707
386.955771086
705.286751517
362.414811268
320.285960728
228.890790568
334.949286966
640.745462034
151.982460825
586.674181745
241.030644087
384.652374472
540.010092778
390.468823424
393.543036008
256.147862637
349.068216469
131.661275985
456.869980286
495.301777952
550.073302627
853.440669268
439.310898417
606.275049916
786.749527874
622.133781198
711.759329603
185.243701798
221.965129404
624.764833518
801.902919269
410.741798855
661.829321796
527.235977914
695.235656645
291.222218934
332.128787049
84.9334203128
504.677752772
821.904312225
173.784667527
502.379729451
529.375955719
779.086200983
146.872376119
887.248955664
256.857321157
364.116566287
123.554785914
138.91603676
531.808409316
428.917806585
93.127317035
648.876677671
754.556137546
357.912393738
246.826727289
661.563040339
880.853220422
440.15784875
491.893663602
114.624678167
471.7834242
96.4198119279
164.424286117
142.085840576
308.33823213
578.056531266
259.787953899
874.02274401
730.59274508
600.057873451
153.454702715
166.646073954
390.292125566
578.267492233
525.303750914
94.1315167951
430.361908553
373.11056858
616.668813947
411.849824685
476.426400403
212.349727608
292.682565499
813.406038751
584.03683854
209.405442855
510.37395345
439.789121477
572.230075173
771.670871152
149.754198214
782.544659295
412.573894368
223.995225404
159.878135583
368.19138332
182.3093001
374.516501816
370.350423068
89.2450474216
535.019745972
474.468920893
561.595666674
332.135071163
556.77897503
509.444979296
150.161689053
867.202325394
455.987007546
762.590389761
554.633896696
111.9696221
813.497028546
705.396115722
780.64833547
560.158921401
157.659996432
630.038042408
497.968378762
470.954977265
543.029406178
683.397882106
306.376612043
286.285603777
424.231703524
825.697592854
442.818876788
410.836974116
297.332550972
862.922247436
513.266526561
841.593276206
165.395729964
317.29094478
127.464906726
360.869580771
180.935790291
554.33020833
631.84038837
852.659906077
871.660264336
521.659203889
656.439272168
226.228148542
645.711702435
353.213604008
99.3193690977
597.394495794
203.522143831
637.649937706
599.72644393
587.995348428
174.026010022
414.036761267
621.959428909
443.310197891
667.124544644
444.412577309
115.493910761
200.160611093
840.383858696
126.047759348
615.256144064
662.766393577
766.088980251
829.594704473
223.167591156
821.950750269
225.055662577
117.70174659
198.731247753
182.066644974
88.6891619012
782.04641017
144.654594817
411.927900916
297.936014037
500.767585624
776.326236244
308.236946438
395.284841132
489.573473077
95.9313258164
336.096774818
480.214732956
516.398311441
169.775782822
598.94329113
770.235582347
549.35507465
204.973905576
628.060987858
319.905384782
196.47455888
398.365936764
636.769948567
597.255090753
175.805139137
873.986354527
200.850341836
600.215114052
782.570573768
168.276355287
332.149793111
710.524131733
329.853984654
839.012074971
101.358332305
283.23264595
296.829571358
245.726947715
615.325629868
126.674973872
718.20510104
530.178744984
323.324655303
610.839930644
302.345716841
237.3448083
113.687516501
705.276669705
799.098262604
216.522452863
110.570030466
833.440766966
129.489191541
487.347234346
705.773513855
849.493621774
661.431638055
238.359204359
185.187423874
83.8184499284
248.235694573
359.686263241
639.366508655
650.428255225
81.3308427264
598.467034969
339.915075313
772.939972553
756.046053797
310.450134089
741.873826513
477.062217101
855.011325128
453.591871649
452.499744743
495.64213482
812.747995041
444.964890679
132.12776752
612.227825858
394.931423079
703.552730113
185.195197531
460.201393981
873.326951901
802.444877617
594.830596829
368.087901894
251.345375651
568.398010342
647.714699092
819.145897451
322.342688226
567.479381491
625.987858911
486.696061324
773.802610329
797.69272941
852.971305729
119.195119416
744.805932982
742.229060572
695.939931686
76.9810874885
389.515281417
578.502128787
202.879565734
237.114317526
867.320526584
534.850941666
462.834412437
272.839470719
353.938377365
303.175374833
113.552260914
271.508653239
489.714610156
783.830405509
78.5044531833
562.081381752
715.568290668
239.546495658
176.997157621
288.758353789
294.041736795
880.4839311
394.078428317
866.327230571
241.704348764
300.7386976
81.4761085895
844.720699008
428.278243209
648.114325864
291.83877921
130.081456001
714.557911589
532.117345727
161.112594248
573.135291864
372.839217197
657.112067837
77.5092672612
574.612356989
882.35883958
557.108313706
416.794678221
555.17007208
620.718925319
420.47709568
527.49611083
564.965911169
95.0698594861
528.284368207
604.399463626
332.678791405
355.222481939
220.254677721
802.99359203
451.79864786
744.808086545
515.477291134
359.730136302
446.878387687
159.693897044
521.332323519
656.833243121
457.804967895
665.620338042
615.95098801
407.395036532
307.873320839
700.670897313
886.911193201
612.675474094
322.856229718
559.732518166
299.752902826
681.52455468
398.133710762
179.950328687
522.468186926
214.746418888
320.104143253
295.535923973
703.637899455
135.457284393
815.779790593
322.903687909
499.666289313
473.726757671
279.390479159
410.740217436
476.085517513
534.823506334
856.703261849
399.145487324
856.745308539
432.556696628
235.444503994
404.290071361
75.3121732154
540.186777615
605.536282143
134.534841589
317.317136782
470.668496004
374.867465647
470.838926924
373.420214237
584.869484667
780.624988328
277.92255495
328.085685301
643.070895968
177.297962433
584.69859453
732.361611007
108.522145096
167.859023785
563.376786265
241.878618978
163.734788914
827.792983847
753.334593394
591.530091512
472.93862738
428.698693667
809.565074093
354.846620804
871.313102595
455.11518415
488.386596874
560.697179022
469.460233068
341.241282048
383.518143329
286.502456683
113.612487722
518.191602525
755.18380604
570.127643876
480.220627148
455.452186171
137.146377227
195.359515809
699.288764702
348.419512452
168.545926922
261.071467368
781.945726293
232.484050194
889.08167524
80.6355771219
501.996515016
867.922867134
547.223511509
548.595638921
263.97911306
208.651342674
522.323611259
744.302762929
587.71347875
511.353010449
341.810779413
368.487195685
559.83011843
571.832912347
789.835816205
574.78353609
490.651521533
461.581482985
303.86799537
96.8114194848
542.152318852
341.791126101
866.972421942
887.885114944
808.714376172
406.399297424
866.569409681
821.963580422
172.82547087
263.361483823
93.08350322
635.326313936
318.55631776
227.484544332
733.768436958
82.746671803
179.978901035
209.473082344
117.681037702
592.318016518
549.130769824
745.400036388
181.748780981
811.939890714
552.583929905
296.688030807
767.400774472
237.372517522
668.1958855
883.022267597
643.860216663
180.211594933
118.384063584
206.694779862
409.480599867
703.301927218
366.725685427
442.990149567
783.234515512
699.243708668
557.87254978
460.811359993
424.776492492
108.832832977
512.630235698
157.765012695
647.283410708
609.938175362
236.77212339
561.427936928
236.644005052
620.306521654
680.827449125
601.026815473
705.965671403
450.024358839
383.150513143
442.513681676
696.309098271
659.211907473
395.911549804
487.223557855
280.348024047
339.855672954
873.011410957
232.644354248
783.938309088
467.844390337
392.07807363
630.208591518
407.109964821
382.192002086
474.034999797
548.547796546
869.931093837
893.871216275
832.850970447
864.063742236
415.490459657
812.053719808
736.967706341
269.900585187
161.317050124
546.565990177
320.932790319
877.331758114
634.889345361
800.446531537
853.372304431
244.203136001
504.821357161
523.65635685
416.237200892
833.08523153
799.449797579
124.832789783
510.263097031
831.366371097
353.636194376
430.857612582
356.605459973
340.560276061
491.335187144
581.605664219
194.796029779
357.997086691
283.306575541
678.527475924
534.971231663
609.313895873
263.980329123
613.79347127
886.196661647
860.945793649
365.635519233
462.067662165
441.057084415
855.89254226
150.034806347
878.371294451
150.251943605
602.557240279
140.948541541
612.297543606
482.017934608
530.770073265
880.333091869
454.410602355
521.354729456
797.833700189
569.731844631
104.856676569
815.685202224
337.428509262
853.721979411
753.903268054
819.58758764
662.105446929
743.753636919
232.947292181
335.358150715
166.968734779
420.682290773
734.767628549
500.114520879
703.645019477
276.739951306
137.901997999
314.083743533
257.413507497
432.867836576
233.350206729
727.733817698
356.926328019
663.054278246
280.973457563
721.806615324
283.457078928
740.447114974
720.529079848
395.543127775
599.990646295
568.565748589
743.244300453
289.712064753
81.3961485928
79.7747934149
131.212259307
290.716726275
407.538629236
300.789476642
376.243558785
171.758863591
793.344675178
423.074890316
219.553627894
501.797809093
897.381371293
539.176472902
282.70590062
596.965576315
723.034752326
782.881619738
225.02736237
802.166029569
459.6679118
884.484785063
160.305393173
457.797817634
888.864651441
558.503380784
348.722725928
408.274412538
662.653510288
556.3165007
583.443873168
242.830609976
444.633969425
529.429517084
443.289097308
828.034770428
281.059351187
807.175998083
698.038366513
571.938089633
318.022791781
325.538362285
739.800572029
325.95796802
201.992784932
545.012295619
435.141935163
824.609393716
286.662106733
133.286658207
152.691416749
281.748805093
367.36969668
623.614497583
727.467587741
610.498740646
340.665171695
735.106953064
223.382565782
534.308673314
261.576445654
698.246622265
187.042088831
153.148660859
412.04817827
622.626255892
718.253022689
702.218766317
338.70693524
213.040273018
142.74710862
623.775315038
586.386315029
482.611218047
666.448661396
720.966896641
668.856467406
869.216005058
174.855396619
583.203256071
604.71851388
119.190164727
557.879718854
192.439394409
166.474352783
491.169535547
75.2460620994
877.569082851
264.922748006
115.028530409
732.081220597
207.275596723
822.163294039
883.691018765
674.060075488
266.618331172
238.077136155
343.914520094
85.1683969631
89.8577301261
774.068951035
114.112729141
857.509057158
90.7789183521
746.70973108
730.654116486
790.675325892
203.128905827
526.334524749
377.267469824
511.494875085
432.006605909
518.575570083
445.69154093
759.546747967
832.504090235
286.213696294
420.726431678
279.412999027
729.74893303
571.093922474
327.867768959
883.225622825
316.202507609
859.10914391
805.937154123
609.311975092
139.182183046
662.637505498
104.551411695
493.088403512
708.194805798
172.283316488
211.842150114
599.58976564
896.30081712
109.71791824
361.066565407
364.135558913
225.278637375
287.08511728
883.656748974
817.165100586
831.429507635
431.582094445
88.5710835855
767.972322179
142.133517435
368.640737583
536.990451625
838.484064236
861.974064594
444.672936413
365.621403687
421.668610574
333.097757828
879.426855587
185.906534419
377.117058685
830.76911339
786.214699441
243.126769225
716.757633582
236.648382795
599.502657865
511.069938215
495.52345325
596.407243126
332.107657487
86.609780307
548.933965856
629.792085788
283.656981882
256.217549678
691.931824904
818.670718655
192.730595519
664.558325385
747.829225011
279.173239701
346.70088937
586.129904345
838.646277451
380.799433371
470.184835071
124.588440413
794.380264103
95.811244816
784.456672395
152.920492172
342.289126623
606.207527844
292.328375519
868.106131269
554.615961478
708.552369963
552.861338844
99.2768465274
733.31032408
600.356872344
733.770404362
396.820035636
186.553765456
76.4466168822
154.207167945
117.019528137
391.623348696
552.439872983
209.030296171
504.416897333
456.28541706
882.454149703
775.70367917
420.888205964
720.876593056
595.770527836
455.560406168
562.86415431
681.191162963
445.226121013
575.662125168
303.993289849
374.699983455
84.3273330849
613.927615601
201.231930135
761.948569116
301.019986326
796.256358905
861.035171081
643.703793058
655.378456041
788.223512921
343.087965564
662.691517396
859.014869827
588.677947936
744.194953103
231.476816024
356.361373901
532.415475733
88.3795478897
679.184109722
496.91298599
263.887624398
252.135872183
886.894556537
413.273699089
333.533651107
285.191513471
457.81759643
401.519964237
666.498537215
204.273965612
659.21719784
813.84083283
316.959094156
301.522512126
151.585238572
443.49262138
453.448854911
247.775611649
350.044917484
311.982212258
223.051277703
276.900337652
624.207829234
433.783944595
387.571418078
452.541891032
819.371333056
632.381199793
896.335471612
756.102755311
789.236301935
344.815261322
638.160002537
676.697501283
