1500
6000
356
225
844
654
411
228
144
75
456
669
674
404
744
530
523
102
659
818
505
779
350
842
415
92
439
293
625
493
338
328
403
805
173
124
255
321
775
886
119
145
596
588
544
239
278
703
276
119
497
491
510
634
588
867
182
803
869
458
548
661
313
228
233
540
474
453
522
369
208
555
697
483
163
672
372
707
665
412
736
702
393
897
406
390
328
130
830
766
611
512
731
513
876
596
839
650
290
200
523
471
479
330
485
304
192
645
230
306
686
643
276
874
204
497
678
512
476
857
451
493
810
638
876
195
482
398
135
572
845
661
403
304
192
578
391
459
180
876
317
107
882
254
751
445
839
796
309
121
357
394
247
176
671
805
292
730
174
294
122
767
777
743
567
636
488
846
334
288
855
155
636
821
769
225
186
701
144
846
851
779
424
783
408
773
267
186
200
820
858
445
865
786
211
890
166
389
572
283
883
226
727
800
809
705
81
102
471
381
775
367
241
857
193
315
297
734
816
140
334
840
806
167
80
545
80
732
363
171
879
573
252
415
154
118
239
449
754
237
782
257
744
460
187
546
850
247
627
487
297
287
78
388
476
136
144
643
835
352
498
584
689
441
886
864
858
443
881
440
857
736
774
535
572
864
564
807
125
573
795
824
264
591
621
565
306
612
314
751
791
271
295
774
405
143
304
240
552
585
649
226
483
706
497
297
213
368
824
606
634
306
308
740
93
415
260
707
238
390
137
475
841
814
647
330
513
170
217
450
721
185
239
416
668
386
225
802
194
513
267
90
572
131
554
885
684
261
773
164
861
656
257
513
597
548
734
468
301
256
343
176
582
772
735
88
644
297
388
438
443
334
496
609
518
382
577
466
497
605
657
701
694
91
279
148
634
308
378
297
839
86
273
311
255
313
104
453
701
661
668
520
324
193
349
660
523
863
561
195
746
453
83
854
439
896
869
240
457
519
234
249
519
720
254
496
648
475
897
545
815
486
337
82
669
642
647
307
883
486
236
808
849
533
418
806
448
809
374
170
252
577
643
218
729
628
416
825
216
460
641
586
255
728
666
658
849
791
546
644
204
538
591
122
630
215
689
634
381
430
327
406
212
305
697
633
823
350
616
421
827
691
407
597
147
784
840
627
766
81
522
410
858
819
344
638
465
719
264
632
416
808
151
637
75
277
297
375
522
142
332
670
303
764
823
195
671
434
178
125
95
359
189
688
193
696
204
716
356
497
518
671
90
663
872
514
717
284
563
245
417
203
478
786
447
537
565
215
598
806
337
762
431
663
668
684
671
552
676
707
656
640
693
617
628
529
100
150
79
764
280
501
434
104
113
519
822
752
595
706
86
860
563
554
249
590
563
828
495
487
851
214
847
148
84
276
492
505
354
124
120
197
230
95
501
344
164
499
656
226
445
540
119
175
599
372
446
660
627
207
318
96
896
369
396
135
656
294
499
423
284
186
633
409
710
108
450
584
274
884
405
895
385
675
96
688
84
633
83
170
192
445
163
468
869
533
674
846
562
284
450
832
555
708
468
810
709
179
648
559
433
821
235
897
587
389
540
88
694
620
416
83
875
645
614
473
112
260
363
837
648
792
751
451
733
893
451
418
692
368
866
421
404
362
696
419
853
151
450
213
89
736
208
546
483
617
268
854
479
231
145
216
633
472
99
166
848
559
207
581
650
698
602
185
102
766
468
306
718
673
184
747
271
855
433
252
104
534
616
217
187
616
142
92
730
720
369
647
729
803
78
861
327
712
451
502
85
614
867
392
739
428
807
275
131
590
528
75
619
114
853
154
168
484
706
127
75
164
379
362
851
702
471
106
866
707
110
571
878
864
741
875
254
382
239
319
566
829
745
177
622
550
503
203
832
308
182
254
336
895
407
161
215
690
391
481
481
847
198
743
346
390
638
252
582
621
197
404
212
526
728
297
100
526
313
557
152
895
150
491
206
855
90
177
271
580
364
438
441
545
89
406
183
423
841
618
427
702
894
408
166
534
316
435
680
287
199
371
797
374
199
381
558
743
754
282
184
123
105
664
616
789
766
665
665
146
404
222
409
336
345
314
827
397
166
561
176
274
552
271
520
629
658
484
483
437
756
491
244
792
114
497
269
532
135
250
799
507
663
501
623
704
340
417
669
122
287
655
517
758
779
784
186
718
691
742
636
103
833
750
668
732
895
746
487
452
622
240
645
187
430
310
232
362
360
438
855
277
133
524
567
690
647
734
255
744
734
722
379
595
343
436
517
434
794
797
123
702
185
708
720
706
351
136
346
173
503
552
549
451
651
698
651
323
644
179
337
370
505
752
823
265
596
648
451
781
176
455
599
478
238
761
278
726
345
461
516
168
850
507
878
395
855
445
273
691
845
785
404
602
858
504
315
217
479
107
843
398
770
856
305
429
704
372
856
76
227
254
579
752
207
701
650
144
704
319
685
774
476
738
644
313
795
429
899
642
324
148
708
753
608
326
431
137
488
112
522
615
115
800
834
519
427
105
370
112
671
511
327
811
76
118
616
567
807
867
421
526
564
461
432
233
286
497
893
95
414
212
538
665
192
179
262
367
736
735
671
854
248
461
132
868
548
255
563
563
207
261
139
409
558
577
842
547
504
519
579
382
382
227
224
317
810
460
739
370
581
188
208
360
354
332
761
341
262
266
671
730
654
94
694
709
268
840
650
648
292
605
525
844
859
778
796
421
105
775
152
481
184
616
719
110
808
534
220
385
298
353
437
886
507
171
777
850
703
382
768
546
141
346
766
231
770
541
766
146
229
382
127
397
206
626
518
225
279
165
490
653
261
233
408
735
257
773
856
802
400
417
380
166
92
237
160
718
237
762
394
882
144
840
481
573
469
769
565
751
553
121
690
562
408
387
458
815
547
334
616
763
465
722
429
763
494
109
814
119
456
381
697
200
853
182
776
789
227
108
479
354
231
838
559
154
593
737
105
295
125
832
796
835
777
246
892
124
327
549
218
221
626
220
226
377
158
669
208
480
157
433
803
391
795
385
602
497
384
628
206
341
393
372
77
772
852
774
854
164
774
326
89
673
309
609
677
506
768
515
627
180
315
367
238
633
269
540
822
168
346
183
875
400
128
96
271
642
333
811
106
502
503
235
125
240
779
145
140
866
844
571
587
620
362
393
722
290
173
749
716
821
352
293
680
793
283
745
440
782
391
809
298
508
433
86
198
166
482
554
624
736
818
353
375
89
168
863
735
849
584
572
380
361
513
158
591
302
807
345
401
352
542
451
91
570
667
458
334
212
519
666
404
553
279
799
787
220
692
403
777
887
303
128
177
184
194
868
606
773
400
535
247
848
358
426
737
202
820
633
740
565
719
851
897
882
354
176
509
100
303
540
658
751
187
549
154
96
284
355
308
454
110
602
259
715
868
669
130
213
75
141
267
219
602
343
605
705
514
287
806
85
761
895
898
637
417
176
681
767
222
145
741
646
733
672
651
608
377
122
719
449
730
746
815
123
246
198
725
611
603
891
729
628
79
637
389
574
127
491
875
235
667
380
851
475
354
214
593
214
194
180
709
543
707
657
77
463
397
717
682
116
357
111
727
136
674
826
740
424
535
870
499
483
683
93
212
330
232
536
894
262
208
388
499
264
799
857
206
607
330
859
356
835
773
460
627
83
363
361
729
765
759
207
471
658
891
614
463
239
590
78
776
222
757
314
562
186
771
225
370
733
76
849
898
741
357
885
686
333
611
803
895
110
373
89
160
227
185
125
856
458
90
483
513
768
358
681
771
148
296
201
730
404
86
492
323
417
235
324
360
738
473
391
549
609
863
278
621
786
736
861
741
435
687
302
590
880
542
175
173
526
728
761
122
136
779
815
237
596
590
501
173
483
720
665
296
95
624
150
770
314
361
93
212
663
467
249
438
875
612
695
466
372
391
92
868
660
80
749
482
778
307
871
580
525
743
272
529
732
82
846
754
741
446
628
782
449
859
578
148
490
671
669
125
201
652
740
829
323
292
256
889
702
403
755
865
360
82
802
565
534
534
253
396
133
691
888
240
340
220
559
790
789
445
307
837
251
207
244
195
267
294
718
465
135
676
331
191
545
445
136
421
484
841
801
624
886
857
718
194
447
594
221
786
441
614
886
531
367
763
85
475
762
822
240
897
501
333
222
483
305
495
178
187
694
753
354
167
469
118
126
545
466
156
623
369
684
393
441
150
495
168
76
818
144
273
395
104
206
309
280
269
555
495
550
149
340
332
375
866
869
454
847
802
528
380
534
225
731
376
614
227
478
299
621
369
749
268
381
896
121
498
297
719
506
342
322
633
90
120
350
446
719
669
201
401
780
260
509
207
650
525
106
825
213
812
404
508
562
153
516
238
539
750
406
420
437
481
486
451
261
406
390
434
362
385
698
485
668
522
559
389
831
446
260
277
530
490
584
727
505
658
715
568
852
164
631
209
415
402
140
634
582
324
331
113
883
895
739
288
877
210
723
276
746
489
863
743
273
857
425
541
265
815
499
159
769
563
634
478
828
279
477
681
884
436
195
816
457
199
168
455
845
525
459
868
524
366
634
761
317
837
876
319
870
227
352
697
319
435
328
520
98
524
644
419
781
128
182
589
425
774
742
554
480
160
322
373
756
254
724
736
242
445
767
570
675
255
651
795
805
857
651
899
709
243
839
393
713
615
243
592
605
201
224
803
94
278
517
283
475
248
163
349
113
161
868
551
525
783
112
503
795
394
786
318
158
568
535
465
721
427
301
450
879
503
357
468
493
461
376
449
92
272
500
189
709
775
446
660
735
449
618
544
97
160
112
223
267
206
192
398
776
819
502
682
97
376
675
419
459
139
365
491
529
237
99
134
703
415
207
560
265
556
398
258
579
322
465
152
821
366
369
100
675
603
321
746
766
457
131
623
291
216
531
365
546
752
585
796
859
736
310
613
192
817
386
282
645
600
448
77
435
414
598
467
605
303
125
220
441
210
160
226
521
702
662
476
568
377
669
80
694
219
152
744
379
365
325
242
169
322
869
92
713
645
771
389
95
566
97
871
562
829
775
550
724
151
154
345
257
444
649
199
490
402
198
390
326
605
205
80
85
443
88
144
190
661
178
205
175
345
634
227
189
567
482
385
123
273
811
355
133
692
220
795
799
396
550
145
462
609
813
97
834
515
653
383
447
238
649
254
886
669
605
435
575
811
459
424
417
680
183
494
283
713
227
464
898
720
558
643
570
698
395
740
295
190
521
604
144
82
707
518
665
618
256
839
851
846
551
262
372
590
457
662
543
506
128
723
764
680
856
897
669
817
552
708
393
205
134
859
159
499
365
297
393
235
762
194
888
478
624
286
485
155
453
252
397
710
173
247
162
721
762
560
834
267
136
873
588
112
110
762
300
150
86
765
616
176
704
264
293
767
638
849
792
511
841
850
746
266
452
475
347
180
100
633
646
578
231
373
493
437
99
887
92
108
240
379
616
830
359
636
835
300
579
896
780
666
524
849
479
868
729
661
88
822
805
679
553
336
306
740
741
75
242
893
121
320
544
93
236
430
624
481
101
293
830
117
508
538
274
836
116
116
270
809
601
343
857
181
102
330
853
525
724
110
233
214
707
832
638
633
245
302
783
108
320
522
87
834
679
586
173
108
208
390
172
802
169
486
540
324
429
709
245
672
605
328
117
124
156
639
320
97
336
870
103
455
327
269
98
560
756
189
435
308
88
832
342
669
439
827
191
859
300
779
576
699
298
303
362
653
387
739
874
476
330
439
429
540
398
482
810
614
258
396
811
567
835
565
253
192
411
711
358
498
126
513
659
106
477
675
291
303
624
488
857
608
305
892
805
543
686
165
624
690
372
312
156
293
876
355
313
795
699
585
594
317
389
584
705
94
365
346
142
636
524
816
366
191
844
830
585
406
850
133
841
647
230
763
888
716
824
794
297
247
375
356
658
655
544
489
95
785
651
777
629
321
724
347
160
850
494
271
869
307
763
223
681
143
720
671
258
384
860
868
358
738
497
668
700
225
604
530
340
863
501
251
667
863
467
288
814
478
279
765
878
758
871
333
240
880
838
218
808
220
576
638
374
85
256
271
542
730
815
474
429
747
156
564
492
696
90
869
372
646
222
287
504
378
695
697
331
200
735
368
856
282
830
655
218
576
165
135
791
606
735
113
872
188
766
283
881
252
221
518
90
458
770
475
493
463
221
487
613
761
418
476
758
391
96
650
210
102
226
700
140
337
749
616
154
81
363
353
80
720
290
594
153
138
600
792
283
180
538
543
382
854
640
537
661
747
785
478
142
493
546
408
324
302
90
349
754
452
638
199
237
519
337
462
200
499
649
815
154
295
735
307
524
881
393
592
324
493
849
712
847
890
888
602
220
461
872
337
817
254
497
779
349
823
747
451
772
338
708
191
741
88
186
682
717
526
509
832
251
679
617
519
732
564
659
879
518
77
231
735
283
785
189
239
894
824
887
385
357
488
438
464
141
353
342
103
295
779
869
418
132
355
561
192
382
134
708
811
448
691
320
682
890
155
168
799
817
859
755
368
323
115
845
518
651
743
415
443
729
709
156
110
787
801
203
863
181
391
700
805
440
528
430
88
756
198
754
450
818
312
455
822
114
495
113
664
357
211
723
327
667
877
679
276
806
726
886
589
619
838
144
585
877
75
500
754
359
625
699
390
538
554
837
608
441
623
509
547
590
258
658
718
774
331
369
354
532
687
601
489
621
721
870
509
227
563
525
536
514
567
529
485
860
254
160
518
305
778
567
751
543
368
580
683
894
476
748
660
172
570
643
457
126
106
758
776
241
350
290
863
884
423
256
699
137
99
137
371
700
404
323
655
163
720
805
432
328
139
499
297
673
877
387
519
866
146
819
476
587
556
316
686
420
353
485
668
801
308
837
822
141
266
869
164
372
737
486
862
525
565
485
492
445
794
787
418
870
421
400
794
460
484
400
873
159
664
321
142
751
797
208
293
704
224
569
233
464
804
330
838
652
653
538
145
415
717
273
817
636
257
619
113
689
799
391
334
400
813
497
431
81
446
411
80
356
314
892
760
459
302
340
454
509
805
769
787
536
115
242
474
740
656
146
228
743
235
791
554
499
183
288
714
387
444
488
890
343
807
657
879
612
496
195
449
135
359
650
899
251
798
876
777
437
355
290
238
760
731
828
559
377
826
537
540
667
506
314
685
691
666
565
816
269
765
719
127
187
621
263
473
868
786
888
467
613
361
897
780
804
107
110
434
83
507
580
681
731
535
170
221
811
390
690
103
235
357
337
408
366
291
623
845
851
403
122
836
775
199
244
768
661
372
749
889
213
146
399
130
505
570
828
219
685
643
617
553
232
628
237
805
441
343
823
528
586
108
314
142
261
75
793
867
169
154
559
395
863
726
271
362
306
434
119
232
891
597
553
210
490
527
347
209
103
224
863
399
166
257
104
107
520
398
720
83
527
561
471
680
639
723
114
605
235
184
869
481
213
261
308
251
286
352
849
271
536
837
782
607
689
753
318
101
624
205
391
247
891
675
622
122
544
898
191
625
320
566
552
879
132
408
203
136
261
296
668
514
269
272
240
175
476
331
566
621
110
573
564
679
481
864
671
629
255
858
755
361
206
81
516
387
179
344
538
389
847
708
629
118
383
803
332
857
244
845
554
209
786
509
699
95
543
814
555
654
546
304
96
367
590
866
518
135
404
890
251
628
643
882
598
439
475
703
379
338
390
523
326
379
890
474
799
495
103
614
347
198
478
849
197
118
303
159
525
420
893
252
255
848
144
449
444
343
486
468
343
103
448
94
698
897
488
453
531
829
771
890
723
763
448
109
669
299
853
93
461
652
889
372
657
615
582
299
333
756
683
489
869
651
844
139
298
823
136
345
434
761
372
262
442
538
534
835
407
745
568
779
252
332
506
519
296
483
519
551
280
883
611
810
349
402
716
688
285
568
531
218
619
883
180
122
747
188
555
400
876
500
438
680
468
789
355
272
262
637
848
384
398
466
380
109
884
126
439
888
392
527
340
757
552
125
727
76
217
488
496
226
174
489
133
317
451
764
99
681
760
747
289
203
181
612
556
615
747
534
379
567
120
626
845
810
622
326
646
721
393
721
576
400
297
444
783
247
96
488
112
762
124
784
393
770
397
91
125
761
555
815
495
172
237
718
661
828
516
503
693
580
277
391
106
534
332
787
687
158
898
143
628
892
451
594
158
167
750
727
656
146
339
687
117
547
292
219
675
475
613
209
311
874
881
477
137
764
612
356
447
146
211
764
371
898
747
344
382
379
363
891
174
251
481
567
494
184
147
559
635
851
567
177
428
289
142
321
601
433
662
890
720
105
325
782
209
835
218
206
555
365
446
536
269
280
99
783
417
234
214
804
770
836
467
333
544
140
111
192
341
278
636
459
459
493
792
223
741
882
109
162
89
139
857
286
216
445
600
578
871
250
235
390
291
187
606
529
864
821
316
250
563
818
865
110
513
102
124
79
748
686
768
95
786
82
796
369
669
875
608
301
847
192
449
427
84
355
860
674
660
848
809
384
495
783
248
550
156
287
256
441
625
426
814
622
775
384
726
818
232
255
714
853
736
384
132
623
137
87
258
794
294
684
564
858
492
552
655
640
351
627
884
721
870
587
529
98
697
504
696
106
206
300
452
823
588
635
129
646
564
315
290
393
892
299
726
444
662
845
819
669
807
273
356
153
157
594
797
836
166
480
162
159
397
511
470
803
587
869
304
243
658
267
486
165
186
862
847
298
410
454
231
375
599
77
294
311
268
165
335
523
539
285
388
614
312
337
280
527
272
862
350
889
241
358
372
130
600
542
650
214
759
107
151
329
417
875
629
781
466
542
804
610
470
221
290
166
668
692
172
600
726
345
698
722
507
105
397
890
554
431
572
766
173
548
159
582
110
359
120
529
718
298
662
783
769
372
839
861
495
836
586
751
144
600
180
852
705
853
628
129
155
553
838
322
79
605
220
191
200
647
642
363
334
723
450
346
210
708
98
794
849
669
658
676
776
633
607
844
725
683
436
582
424
791
362
850
594
401
694
192
868
844
841
231
507
878
155
240
831
395
808
395
355
470
893
658
550
458
652
482
605
875
344
436
303
134
714
649
678
235
824
716
664
641
861
891
280
841
279
126
195
297
819
500
608
282
570
291
373
662
611
350
703
555
832
90
274
517
350
312
887
764
849
333
538
807
129
489
190
224
420
796
840
661
469
304
643
622
636
781
812
470
192
118
359
854
181
165
850
701
408
594
480
203
452
432
594
203
609
728
308
435
761
566
440
307
256
726
322
840
223
681
113
488
464
823
703
258
647
228
879
581
323
121
452
543
474
852
586
82
162
599
350
507
825
138
727
873
132
852
139
863
409
539
103
721
479
376
800
220
668
420
381
608
845
584
702
653
650
221
506
724
866
297
284
79
516
706
348
179
208
153
741
222
821
422
303
841
624
244
582
750
306
115
327
621
475
615
474
87
135
550
622
839
343
91
765
79
623
328
272
478
79
182
528
481
587
552
893
831
317
572
104
379
76
292
495
682
536
891
92
258
436
228
230
275
229
236
357
805
668
846
374
580
263
588
128
488
578
179
519
266
275
244
150
689
216
175
414
695
323
383
722
453
386
131
386
425
148
493
475
213
131
711
678
169
345
675
663
599
425
651
299
833
385
871
354
473
121
520
121
101
267
674
401
592
460
697
785
75
201
459
280
303
577
576
80
420
741
591
256
406
822
209
81
250
249
737
679
815
704
390
207
245
132
187
238
564
240
179
268
793
441
473
122
228
535
594
378
288
713
874
118
435
835
215
513
401
239
823
153
713
620
199
659
150
748
166
460
238
149
607
477
101
403
598
462
525
301
470
265
734
548
282
328
109
442
455
386
697
83
376
141
139
370
191
458
313
339
701
753
587
668
473
511
652
402
897
161
866
822
569
568
250
286
193
83
762
711
369
881
675
290
296
527
712
590
133
404
538
142
694
449
155
260
102
840
331
483
810
587
225
762
400
639
167
633
557
895
261
124
614
469
204
384
648
173
799
868
700
570
393
658
435
387
695
762
108
303
272
142
153
548
217
768
532
678
202
751
886
167
775
838
448
283
392
719
195
172
150
551
81
665
869
699
386
321
489
653
605
323
727
287
568
366
795
330
828
853
311
500
260
119
338
712
331
548
108
175
117
435
526
152
631
402
421
565
353
707
339
886
303
188
434
322
144
785
730
189
677
736
327
356
119
82
165
517
782
679
894
657
228
392
575
214
100
138
186
849
464
649
130
542
670
342
758
290
454
899
389
734
295
486
492
394
524
659
265
393
425
356
219
814
701
256
375
148
153
89
711
577
840
664
354
361
427
210
160
298
875
470
293
545
165
802
636
153
805
511
463
482
526
112
112
875
769
294
438
359
591
163
406
624
563
863
214
762
531
733
542
708
638
727
341
583
241
146
674
358
714
267
714
175
770
645
714
845
637
690
686
142
264
668
522
260
555
399
597
146
803
352
205
106
342
500
755
194
522
528
109
230
668
210
547
480
795
758
549
341
374
788
682
417
877
277
298
500
840
843
395
839
492
751
215
162
237
140
221
760
312
637
587
179
460
251
342
85
820
393
359
613
250
255
115
578
422
406
469
713
573
676
829
264
684
660
235
78
112
721
115
456
629
848
797
630
494
232
405
747
512
872
380
514
632
667
509
160
530
319
493
753
818
99
604
640
612
177
157
317
844
844
795
572
277
701
441
85
164
210
509
383
234
572
262
341
528
812
392
147
512
873
89
356
845
342
104
744
599
279
706
744
767
842
865
86
877
757
149
646
131
320
119
336
718
840
874
145
657
708
516
840
129
286
613
393
763
783
457
898
707
198
339
393
328
635
513
535
287
404
602
714
370
315
92
657
316
755
732
314
893
847
587
858
170
516
894
796
617
683
201
76
749
763
396
706
509
97
409
886
195
637
335
229
399
101
141
227
499
343
510
558
834
586
637
714
674
761
629
103
599
171
312
696
283
170
752
468
420
477
754
462
789
713
423
780
861
231
670
754
652
448
785
297
645
379
143
762
464
660
789
191
463
426
235
830
138
473
491
274
817
825
107
315
604
634
277
546
807
486
394
226
799
363
732
121
542
264
177
348
182
98
314
363
469
221
131
844
748
578
363
894
201
228
456
802
762
183
87
406
290
265
801
704
458
499
579
829
131
169
714
832
599
887
347
477
199
660
187
452
707
615
644
445
895
791
453
580
509
156
632
154
312
452
322
347
505
179
477
860
198
666
82
609
368
762
763
856
474
701
678
285
393
124
624
557
112
433
173
194
126
793
102
339
639
179
822
389
512
739
534
127
147
576
872
832
491
256
564
348
87
392
266
405
450
671
248
689
571
520
662
218
228
881
357
129
140
447
109
380
648
265
746
132
409
824
135
362
154
147
271
780
602
434
655
230
666
633
640
389
235
804
884
174
659
700
659
559
573
680
93
686
251
312
668
329
721
536
615
611
743
302
361
231
560
898
762
206
214
341
530
613
676
102
259
850
604
153
469
616
666
151
418
331
268
759
671
550
886
702
154
499
525
169
175
518
212
138
377
806
381
866
888
384
384
661
499
152
484
282
735
603
447
167
420
458
614
148
544
281
499
258
292
508
828
473
865
562
641
726
746
475
351
80
249
354
560
862
332
125
195
485
789
712
811
864
91
276
251
861
613
510
868
249
755
311
285
77
694
214
309
621
639
579
395
898
676
806
729
344
609
616
553
287
883
881
347
462
783
598
753
593
696
607
365
485
399
822
760
746
86
210
729
163
337
268
658
380
464
771
142
132
177
645
124
527
885
180
398
124
677
86
155
381
198
199
330
248
436
106
518
689
680
279
484
759
570
465
722
244
549
698
812
777
566
789
188
228
467
695
797
482
704
412
884
836
717
343
314
382
427
536
794
351
144
142
540
796
670
744
871
805
271
197
283
146
386
856
845
588
518
759
290
794
647
468
218
459
892
106
546
163
690
239
749
384
426
555
548
811
298
879
181
125
203
451
728
695
481
553
193
89
131
468
153
220
408
115
812
715
756
566
233
821
275
333
672
618
668
632
514
240
655
389
775
195
500
609
586
894
308
95
803
525
483
300
136
521
662
803
126
610
391
187
534
314
672
509
473
852
108
838
212
102
156
744
750
115
159
593
622
802
890
869
117
360
665
125
480
699
718
267
456
875
257
205
623
719
241
375
532
874
169
519
530
108
600
372
545
355
784
779
598
349
243
313
568
612
664
460
330
581
776
417
275
690
786
789
116
178
678
874
264
552
430
844
848
465
173
427
426
883
465
470
407
579
319
97
618
736
836
601
801
445
480
784
603
288
417
441
727
716
133
688
379
230
478
568
341
547
873
373
739
671
312
478
623
204
349
755
702
847
728
493
701
235
93
201
817
96
130
490
517
458
837
372
743
180
781
589
479
773
244
248
210
564
867
161
703
897
682
336
396
339
542
290
93
627
435
219
842
807
264
552
509
634
709
92
323
770
756
584
125
522
198
895
831
83
488
517
538
581
83
698
607
113
857
836
300
682
98
387
461
380
375
438
773
557
167
349
894
459
416
402
845
292
634
560
125
822
182
102
475
424
409
870
298
436
734
467
850
317
466
399
307
194
729
456
459
534
737
295
556
762
323
613
435
420
785
507
391
322
110
660
489
622
730
217
514
190
161
417
811
505
897
297
857
856
855
132
214
829
537
302
802
343
94
815
207
678
593
813
396
871
550
104
479
769
208
785
830
402
764
517
446
791
518
214
632
202
676
145
721
199
406
226
285
220
894
453
672
314
254
397
97
792
464
200
885
830
662
857
467
593
841
874
265
834
287
387
873
537
183
736
513
688
502
328
341
76
788
669
126
548
497
570
579
271
181
824
611
889
247
862
490
201
225
468
721
791
857
697
748
362
233
654
215
395
795
883
875
727
749
761
680
362
790
714
138
551
310
433
255
129
436
474
840
538
759
660
848
146
476
774
879
259
185
102
552
675
88
179
793
268
829
216
186
153
88
198
691
211
298
510
230
325
79
503
196
661
122
628
396
408
683
238
493
480
641
794
380
226
807
855
885
399
427
177
869
480
267
501
237
91
659
860
239
857
100
598
606
596
717
829
88
179
178
226
260
467
719
449
98
177
644
795
785
592
475
761
556
388
550
122
118
289
503
297
842
769
203
854
442
677
582
812
171
440
210
824
435
641
108
107
887
295
862
644
211
595
234
481
210
721
136
195
345
774
161
841
115
576
211
105
783
763
450
848
390
706
565
180
417
237
197
447
720
466
489
850
327
839
442
259
386
550
288
468
617
545
638
243
702
129
646
835
552
117
339
518
758
96
824
717
497
858
294
612
385
628
354
742
431
744
413
294
699
199
444
330
892
823
122
652
214
754
97
827
301
672
636
643
544
696
184
399
660
543
437
779
251
112
487
553
789
773
524
162
617
763
739
794
567
616
796
422
886
195
292
440
174
661
429
507
274
717
102
119
573
896
854
850
825
246
274
119
889
159
468
168
425
486
684
534
347
486
281
555
613
882
537
670
