1500
4500
264
659
111
352
630
190
293
223
344
625
572
729
140
234
499
812
551
641
857
802
314
432
838
214
613
276
152
263
328
182
696
867
530
300
381
849
315
491
601
109
842
461
460
883
447
116
551
284
318
242
228
212
585
766
677
840
678
764
567
517
788
319
759
811
342
853
864
96
122
596
873
590
182
527
776
101
99
827
309
256
271
575
751
293
774
644
299
217
104
221
222
201
744
175
716
175
493
290
591
537
833
391
830
776
504
643
777
227
500
301
670
212
806
567
348
534
329
764
416
677
482
330
99
472
785
703
307
780
99
492
772
635
441
616
569
822
488
183
301
878
593
248
242
87
843
880
206
616
84
624
644
674
650
148
337
162
863
685
862
712
355
711
232
564
483
679
252
858
300
663
470
376
697
793
561
817
166
314
895
556
373
508
250
428
495
465
559
345
459
480
450
656
572
533
795
783
848
616
428
578
240
298
462
600
481
842
594
134
761
500
537
736
115
498
465
377
535
383
582
388
183
344
845
362
638
705
269
361
848
835
629
639
418
606
802
101
237
732
225
863
140
78
269
677
685
675
890
313
81
283
244
439
555
846
634
657
668
208
890
691
620
113
187
470
745
835
859
673
552
219
675
382
785
89
377
250
565
222
823
763
166
880
659
419
780
542
144
789
835
440
575
748
253
261
731
891
828
336
379
526
643
758
779
886
371
420
326
318
480
659
800
322
558
588
879
517
426
425
864
749
175
469
97
583
438
726
114
555
845
763
179
463
722
193
472
445
159
705
246
514
284
277
542
78
684
587
141
250
272
235
591
751
749
599
637
120
177
651
651
768
856
89
789
759
443
350
329
840
179
896
620
536
193
427
520
462
886
340
311
758
256
235
151
373
587
287
161
668
599
242
85
416
591
706
809
580
399
770
550
213
547
161
648
435
225
810
117
873
552
118
472
843
763
430
651
682
884
865
713
775
525
560
780
406
844
402
372
678
377
512
416
129
894
290
453
645
540
552
452
305
504
408
432
237
151
185
141
310
116
473
454
831
231
87
186
738
366
754
767
441
361
200
240
635
444
816
151
555
318
202
771
618
893
866
533
762
575
556
404
138
558
344
773
505
670
474
510
251
175
93
777
797
329
150
716
693
316
330
815
864
504
645
126
717
823
386
190
163
610
513
290
629
592
134
865
622
88
369
202
246
812
562
736
860
184
711
154
398
675
452
181
681
590
382
415
385
268
691
138
185
206
303
481
705
825
479
763
777
491
835
582
336
197
768
507
327
229
725
603
496
76
172
326
401
754
889
535
100
732
634
346
181
520
342
306
394
505
811
425
137
343
328
642
195
537
482
852
842
173
629
169
894
803
417
543
222
133
84
826
150
515
525
502
766
261
532
535
254
102
824
719
372
155
297
408
534
597
406
233
120
255
127
503
558
220
752
547
564
462
887
125
303
484
178
660
577
877
445
880
797
879
442
197
787
458
708
252
833
674
708
529
614
547
549
694
363
154
360
527
719
408
773
586
484
181
666
587
120
598
395
214
479
329
187
120
730
892
564
459
146
173
312
814
758
858
623
474
712
197
115
146
810
114
405
701
627
898
333
430
822
311
290
440
733
426
430
376
527
368
226
83
657
644
463
282
808
856
550
118
501
158
685
829
678
770
646
315
254
75
360
861
639
648
517
163
551
543
858
757
785
180
355
469
575
429
86
719
134
225
82
365
742
896
487
689
521
821
881
642
658
430
264
330
205
331
837
698
218
615
132
496
753
246
692
594
321
516
348
626
250
76
422
113
606
403
525
357
583
857
104
526
759
123
532
167
514
509
434
649
776
164
753
131
599
748
164
757
815
100
625
811
253
711
345
753
532
112
154
167
218
636
764
150
154
102
792
146
472
622
138
623
590
543
391
557
315
607
741
873
821
180
335
335
400
659
223
835
675
578
321
720
818
460
647
608
745
213
295
793
300
548
605
844
415
862
349
600
600
180
722
324
729
273
852
196
106
325
399
718
634
479
802
187
879
337
540
788
370
365
626
802
259
352
850
78
118
540
342
757
78
133
555
767
818
716
179
288
857
275
549
856
652
763
660
157
565
183
359
796
369
888
728
176
799
150
201
636
516
614
531
353
186
718
77
759
514
428
359
231
662
546
178
270
451
482
247
562
491
387
308
309
639
490
268
430
384
182
749
496
117
640
450
598
348
166
409
510
152
655
109
564
863
86
106
629
92
429
321
246
176
96
252
405
180
523
861
320
719
495
859
484
684
737
622
877
688
114
82
795
702
170
601
437
466
628
691
233
76
375
616
164
558
896
214
318
264
712
262
79
682
106
846
139
840
133
743
172
131
355
254
604
144
198
542
292
198
540
422
775
158
820
325
665
748
606
599
740
115
330
725
856
484
608
571
664
155
154
316
565
251
260
846
328
635
353
704
360
702
614
693
293
284
849
361
250
875
335
781
256
175
491
857
354
115
298
211
755
400
191
289
193
104
401
206
230
241
898
684
301
211
229
315
213
153
467
587
152
712
618
305
235
672
733
263
837
642
542
494
860
341
394
279
518
541
440
146
126
299
150
823
801
142
203
669
231
361
495
141
447
806
226
801
825
475
381
299
697
808
223
853
259
639
96
441
312
238
390
383
642
565
184
577
323
564
652
382
404
564
384
645
464
350
762
777
690
707
772
835
569
340
229
678
137
297
534
399
663
146
82
102
752
263
743
624
635
538
488
324
432
825
440
429
586
278
770
223
851
437
240
88
125
224
239
820
782
823
770
696
406
183
587
710
336
177
166
277
139
236
90
385
463
676
428
642
217
271
140
623
441
816
242
491
527
349
470
300
840
170
377
898
686
336
843
774
273
392
469
661
138
566
231
845
440
714
126
442
142
547
435
439
238
734
823
222
793
283
466
258
864
107
831
433
357
854
508
790
107
102
278
808
298
573
179
856
747
225
709
655
351
582
650
318
420
864
293
573
169
356
465
625
414
331
302
268
76
301
705
732
597
682
891
227
341
339
102
218
882
346
446
507
85
885
356
866
324
178
740
111
552
85
787
798
441
693
600
637
490
263
311
698
733
289
281
186
405
372
252
162
285
562
733
590
203
170
486
823
299
888
492
854
747
845
757
774
566
240
689
826
474
252
626
557
456
155
775
853
684
647
295
851
814
388
205
218
843
343
429
717
176
191
460
661
87
600
738
481
276
105
538
608
455
259
340
652
349
608
390
609
638
498
276
268
100
327
201
890
561
367
251
284
789
441
611
350
368
830
347
126
674
301
867
578
191
279
662
447
455
818
176
289
182
270
318
110
364
322
862
76
552
549
431
635
649
847
117
736
818
511
336
352
634
649
254
748
153
288
506
513
324
876
686
317
344
338
761
493
325
818
809
287
237
289
277
713
733
367
679
508
887
106
667
694
108
786
603
714
451
451
631
698
733
115
556
374
727
892
338
546
289
313
593
212
541
219
301
315
624
365
528
354
829
808
128
349
496
321
324
403
508
192
476
668
119
648
595
870
83
196
563
809
443
365
798
349
840
865
385
691
779
324
616
448
295
751
733
723
732
643
806
699
878
895
286
308
456
533
622
640
291
713
391
338
435
170
642
346
385
206
181
833
694
256
827
152
738
862
885
659
694
873
533
120
701
256
195
339
517
441
323
225
422
470
289
84
629
557
583
355
117
196
446
468
620
678
458
469
103
341
94
593
88
820
260
455
768
145
446
346
109
474
610
631
327
551
422
788
486
212
690
439
103
765
196
721
839
531
437
320
638
147
327
547
125
818
681
801
387
656
263
295
134
634
625
194
813
837
278
856
815
166
712
292
615
263
649
136
251
663
145
257
469
500
372
113
734
616
90
309
302
635
669
802
231
679
669
680
589
347
357
399
311
589
651
194
604
282
586
565
754
887
626
373
368
603
543
388
270
678
133
399
856
619
331
632
394
665
524
567
512
156
893
438
123
657
403
103
415
204
784
802
743
848
576
564
414
537
645
593
153
642
386
187
358
201
672
276
185
822
220
85
119
156
273
473
355
791
255
491
583
346
717
231
79
726
151
178
220
242
352
456
400
703
288
81
130
684
250
261
167
590
200
289
631
869
792
113
250
640
788
617
680
137
399
363
128
137
846
721
787
470
306
469
365
268
407
426
146
646
320
307
644
292
121
668
721
864
565
203
148
814
395
881
165
302
521
123
564
614
472
522
389
215
493
773
800
479
855
470
880
527
304
290
691
525
409
617
224
701
731
467
894
162
317
142
564
769
618
694
777
565
888
417
778
523
317
406
435
648
764
106
864
387
418
381
158
84
395
839
620
652
243
280
142
279
406
809
714
102
103
480
137
802
141
208
873
601
522
208
489
243
370
201
829
140
299
359
531
698
447
192
613
390
859
873
849
648
540
305
672
139
330
199
167
870
499
248
890
544
219
819
834
115
664
499
501
844
766
896
498
610
682
469
751
366
684
168
83
788
385
236
648
588
632
348
485
285
325
698
580
385
408
347
686
601
608
340
86
654
762
810
494
254
655
815
765
258
98
742
136
334
511
78
379
413
372
426
465
427
370
230
467
177
219
779
860
746
809
237
462
348
886
686
791
515
77
803
279
891
861
457
795
703
883
468
245
614
392
83
701
168
140
462
809
577
740
220
329
337
762
724
810
411
492
611
299
577
485
131
613
505
836
500
802
413
640
828
753
872
243
459
169
827
652
787
217
741
155
793
399
354
549
690
197
639
825
273
820
232
709
413
834
146
87
541
739
840
752
281
165
625
388
705
297
186
425
89
130
613
758
779
340
821
563
312
265
409
891
684
665
425
584
876
601
177
884
780
278
400
434
891
580
573
400
328
410
107
492
700
434
482
478
502
101
374
323
608
713
719
251
638
694
252
119
212
650
690
885
160
610
717
331
120
373
148
619
653
116
675
248
339
739
311
701
176
648
111
622
165
111
253
767
736
650
94
335
610
777
539
381
701
321
116
880
171
310
530
269
243
458
273
188
637
341
899
686
656
327
266
165
880
272
425
527
752
476
861
656
281
505
616
617
312
601
431
227
389
857
828
125
203
255
491
503
440
208
634
551
655
783
333
376
650
243
652
476
352
274
316
542
82
520
351
532
233
822
679
322
638
227
184
836
775
589
725
606
550
274
258
376
192
693
341
103
340
650
736
723
577
267
438
427
222
227
306
627
423
800
575
95
124
208
334
293
123
286
494
653
463
622
194
791
883
455
764
249
471
796
287
707
445
770
460
647
481
899
234
675
471
847
665
449
108
869
863
522
492
319
560
108
290
650
199
574
419
215
847
120
463
856
403
427
899
859
639
226
85
383
576
571
366
374
702
743
387
560
435
318
720
631
126
779
391
81
642
91
841
184
577
398
401
672
439
347
412
320
678
785
94
362
358
782
373
747
714
847
874
190
892
161
415
172
503
494
362
150
354
79
246
627
710
664
235
891
299
384
782
420
872
649
704
805
770
322
477
773
391
549
343
791
273
219
568
464
162
887
106
274
110
187
380
488
680
665
173
858
596
214
708
321
613
801
845
424
570
724
776
649
783
501
287
864
873
628
196
561
804
482
414
645
134
277
629
818
277
542
818
451
802
382
753
627
239
529
564
835
654
605
553
482
600
263
768
465
790
130
215
152
849
81
739
551
662
849
204
691
444
497
801
760
201
224
548
524
870
818
637
614
191
739
583
705
631
625
335
614
90
831
802
719
371
842
740
106
149
519
669
748
236
97
247
410
87
229
469
184
412
345
885
409
158
771
702
186
864
626
813
452
699
673
626
568
267
237
437
253
463
474
354
679
367
854
460
158
277
146
266
102
650
620
553
774
320
80
273
554
129
278
150
518
226
518
590
626
704
142
196
320
651
405
398
873
82
492
215
220
578
294
97
866
227
177
705
894
813
780
213
103
294
498
614
812
511
129
722
368
482
444
200
384
892
137
162
345
504
281
477
283
270
767
97
533
470
621
884
329
311
506
550
363
735
526
593
363
703
561
777
843
161
571
459
128
443
658
516
466
698
376
883
384
75
103
638
380
183
871
826
75
131
428
137
734
156
768
859
183
98
857
395
702
505
159
657
656
308
558
336
675
288
522
571
185
127
838
718
722
78
542
423
811
174
883
641
565
776
731
205
297
719
323
514
855
746
481
354
702
176
363
592
742
810
539
891
104
288
261
250
91
159
838
375
330
109
264
189
506
899
348
425
289
472
760
379
750
757
536
724
215
230
301
527
351
498
86
340
185
258
790
443
184
197
307
729
439
131
149
526
110
493
117
114
864
485
290
877
133
803
885
404
162
423
636
834
345
629
423
299
119
124
698
770
466
350
317
370
297
607
115
877
118
448
363
614
621
203
87
544
624
322
168
747
111
496
422
399
754
176
487
261
343
491
222
868
406
148
225
772
152
664
504
546
899
125
755
671
110
229
749
400
612
657
814
177
281
804
518
205
712
227
645
104
545
694
833
565
132
771
750
744
313
737
830
825
93
877
568
192
566
574
285
255
519
384
507
208
730
845
239
545
339
600
245
676
181
401
749
305
89
861
276
689
359
572
850
597
741
208
875
536
532
459
727
790
809
666
624
478
690
578
155
856
651
450
275
869
337
704
186
853
785
528
483
480
87
169
699
288
669
273
494
96
426
753
102
208
542
114
622
109
283
198
526
101
864
662
822
562
702
277
289
679
257
803
544
343
783
603
334
545
148
514
190
357
676
432
299
240
637
260
96
772
204
756
769
649
673
496
311
769
256
568
185
845
470
481
388
810
410
550
766
249
722
693
441
260
275
565
314
428
765
483
195
407
402
411
643
446
134
219
482
376
229
198
677
389
439
598
283
146
654
542
319
161
543
491
272
454
798
807
488
123
143
775
492
626
102
161
721
843
180
642
506
80
569
135
694
149
888
619
666
453
559
821
122
445
501
603
334
159
666
106
599
495
627
285
690
653
662
94
819
433
739
77
150
640
597
219
568
780
143
318
316
847
715
720
100
379
303
623
742
292
285
399
610
856
574
623
229
201
127
743
452
138
295
546
600
709
567
242
499
83
517
750
95
450
172
102
385
840
799
719
111
650
776
457
801
464
473
709
554
369
806
420
100
759
694
539
689
366
89
882
131
573
627
713
231
104
544
78
809
774
169
893
547
478
862
805
339
394
757
366
151
515
708
287
659
586
481
101
560
225
685
118
687
91
270
817
545
498
439
296
202
537
885
798
604
873
165
480
331
782
881
300
763
246
157
253
817
859
573
81
453
826
363
392
96
519
535
433
819
404
707
354
368
500
890
471
808
147
723
146
677
226
680
357
259
504
810
696
762
767
377
805
159
552
565
450
693
663
481
126
494
551
318
428
295
366
874
855
445
352
522
279
234
370
607
851
156
783
138
591
582
142
608
99
437
564
603
590
157
678
856
75
431
487
667
395
486
764
424
879
487
349
231
247
348
515
269
352
90
519
225
778
303
164
638
716
775
114
702
774
166
135
639
362
846
639
704
186
358
714
323
676
518
207
834
280
272
329
347
580
419
804
384
737
370
590
744
838
718
636
221
111
568
311
470
704
432
263
754
618
773
287
237
331
505
202
520
229
756
670
824
733
138
611
638
510
599
382
241
715
722
750
654
224
550
361
282
143
849
440
637
421
704
838
235
890
496
375
770
351
651
323
311
337
789
334
604
781
271
403
764
674
290
896
893
657
231
587
305
548
465
365
873
167
767
588
316
395
401
377
127
635
85
808
598
717
374
550
845
518
360
708
306
543
598
778
235
741
314
119
105
789
369
255
737
101
477
446
600
877
815
693
752
148
613
273
443
709
697
240
611
259
289
550
492
652
389
163
516
343
424
404
593
304
353
249
205
555
747
686
491
411
704
611
526
463
172
315
882
488
193
750
705
281
651
686
560
722
407
777
328
611
720
212
425
648
103
305
752
458
802
769
449
467
568
385
656
601
703
553
514
841
615
125
559
219
94
801
803
837
307
249
663
207
599
86
96
442
891
137
576
416
76
85
608
289
194
334
173
704
246
725
504
88
608
779
871
333
765
806
343
414
107
246
117
86
273
79
502
613
797
252
746
117
402
898
683
602
472
796
805
116
623
232
696
267
347
772
131
618
349
800
180
770
321
455
868
89
898
316
746
125
472
617
156
428
644
566
210
569
759
814
117
93
76
603
507
477
876
78
721
656
811
413
729
667
492
615
154
496
657
793
829
625
827
374
487
523
734
735
242
202
832
150
881
239
303
154
427
897
887
508
180
279
432
738
833
496
695
706
261
799
701
565
518
682
106
81
215
896
580
867
371
853
846
626
666
531
509
550
596
159
832
422
670
234
615
587
109
225
398
169
173
473
268
732
493
180
618
525
815
171
385
338
855
793
83
214
641
499
447
871
437
376
112
791
255
693
489
809
200
314
239
163
380
589
384
780
658
680
814
388
490
243
874
727
811
480
812
871
748
188
320
299
480
600
467
167
597
891
709
742
873
342
361
443
249
726
863
819
452
312
732
611
239
216
144
125
759
691
108
477
851
810
409
745
547
753
853
180
305
744
821
275
215
896
774
157
834
278
226
509
895
685
192
343
131
688
893
231
591
470
563
625
173
216
625
117
106
105
164
410
850
264
789
551
632
567
827
468
158
625
830
467
548
868
536
563
529
184
193
239
798
588
445
198
123
233
688
689
686
228
585
377
376
761
612
432
115
842
496
586
110
646
604
291
354
300
435
569
828
110
759
185
389
835
463
418
753
424
295
413
634
83
328
667
771
824
729
397
284
366
649
759
479
672
478
482
433
831
440
429
648
239
215
898
284
272
424
82
106
867
209
376
267
128
899
105
507
252
717
804
530
222
822
743
625
105
507
297
848
861
109
143
358
227
482
553
199
496
422
158
395
516
257
603
633
223
264
113
393
224
287
140
156
812
416
126
427
267
349
284
176
103
413
879
787
397
375
167
598
462
186
122
868
875
230
843
340
617
412
438
267
94
627
239
607
677
349
120
257
882
777
142
623
443
154
225
893
426
254
820
651
221
227
591
417
711
122
587
78
539
399
124
427
651
600
154
461
312
415
241
432
427
842
588
553
801
698
101
392
274
836
117
484
733
197
501
237
321
122
229
492
592
681
180
340
537
843
107
544
347
288
467
175
723
553
898
727
838
152
254
617
689
247
487
201
233
442
436
149
704
427
879
345
168
748
254
501
244
498
424
404
736
318
683
219
505
395
404
495
850
227
797
484
251
272
353
785
293
330
173
577
729
548
639
625
542
395
575
644
133
323
371
771
785
547
349
885
282
465
601
516
845
895
253
780
400
519
487
634
96
498
230
239
515
524
617
798
115
443
333
550
533
137
198
555
687
800
867
785
443
91
738
302
291
477
424
130
882
450
811
393
570
112
402
174
779
496
157
836
293
511
309
302
595
397
402
732
290
230
541
590
530
305
563
719
575
187
788
475
312
547
164
636
848
888
420
217
175
419
646
390
879
441
848
210
431
119
395
833
529
310
759
705
837
149
585
314
256
758
642
221
661
583
356
661
617
124
366
172
530
176
430
77
732
595
727
362
315
626
169
609
102
789
314
479
326
342
210
503
825
737
581
77
85
776
620
387
283
707
442
228
827
757
502
713
792
252
880
148
434
705
619
246
845
469
557
790
741
488
687
491
373
159
661
302
596
380
794
522
261
854
373
325
877
252
759
697
238
634
477
755
212
616
741
435
533
557
870
396
497
471
530
298
322
382
516
381
879
419
469
872
248
405
776
812
269
402
573
786
353
252
887
508
498
356
633
787
180
241
620
385
644
679
136
230
336
656
88
604
582
118
356
260
720
213
401
728
216
330
78
858
207
221
387
490
320
349
392
220
875
145
352
89
502
835
853
423
711
122
273
204
530
315
140
788
575
193
616
604
844
270
533
495
639
707
400
203
262
158
370
543
180
889
126
849
220
740
535
108
849
424
709
160
304
737
203
81
98
226
811
249
736
626
564
469
494
228
77
474
77
93
216
181
501
618
448
269
731
696
610
693
377
594
150
486
212
275
280
165
505
856
386
446
631
839
441
338
251
440
323
309
519
246
822
677
103
340
854
299
393
260
844
520
870
523
239
779
558
515
625
486
155
457
78
587
360
688
625
793
335
346
745
171
850
513
500
277
494
715
669
135
651
395
632
507
844
169
485
515
780
441
818
867
349
584
774
328
294
